UNITS=MM
#Layer_Color=9474304
#
#Feature symbol names
#
$0 r127

#
#Feature attribute names
#

#
#Layer features
#
L 3.69689888 19.03849888 3.95089888 19.03849888 0 P 0
L 3.82389888 18.91149888 3.82389888 19.16549888 0 P 0
L 4.3000041 6.0000007 7.6999973 6.0000007 0 P 0
L 4.3000041 129.00000108 7.6999973 129.00000108 0 P 0
L 4.6228 106.7562 4.8768 106.7562 0 P 0
L 4.7498 106.6292 4.7498 106.8832 0 P 0
L 6.0000007 4.3000041 6.0000007 7.6999973 0 P 0
L 6.0000007 127.30000448 6.0000007 130.69999768 0 P 0
L 6.1214 106.7816 6.3754 106.7816 0 P 0
L 6.18769908 119.64999946 7.43229908 119.64999946 0 P 0
L 6.223 29.083 6.477 29.083 0 P 0
L 6.2484 106.6546 6.2484 106.9086 0 P 0
L 6.35 28.956 6.35 29.21 0 P 0
L 6.80999908 119.02769946 6.80999908 120.27229946 0 P 0
L 7.7724 96.6216 8.0264 96.6216 0 P 0
L 7.8994 96.4946 7.8994 96.7486 0 P 0
L 8.68769916 119.64999946 9.93229916 119.64999946 0 P 0
L 9.30999916 119.02769946 9.30999916 120.27229946 0 P 0
L 9.9822 25.4762 10.2362 25.4762 0 P 0
L 10.1092 25.3492 10.1092 25.6032 0 P 0
L 10.7442 96.647 10.9982 96.647 0 P 0
L 10.8712 96.52 10.8712 96.774 0 P 0
L 11.18769924 119.64999946 12.43229924 119.64999946 0 P 0
L 11.31659916 32.9200002 12.38339916 32.9200002 0 P 0
L 11.4046 17.653 11.6586 17.653 0 P 0
L 11.5316 17.526 11.5316 17.78 0 P 0
L 11.80999924 119.02769946 11.80999924 120.27229946 0 P 0
L 11.84999916 32.3866002 11.84999916 33.4534002 0 P 0
L 11.9634 24.3586 12.2174 24.3586 0 P 0
L 12.0904 24.2316 12.0904 24.4856 0 P 0
L 12.2048016 4.3942 13.8047984 4.3942 0 P 0
L 12.2682 96.85139888 12.5222 96.85139888 0 P 0
L 12.38689928 118.3099996 13.73309928 118.3099996 0 P 0
L 12.3952 96.72439888 12.3952 96.97839888 0 P 0
L 12.4206 101.727 12.6746 101.727 0 P 0
L 12.4968 18.7452 12.7508 18.7452 0 P 0
L 12.53609888 20.28070112 12.79009888 20.28070112 0 P 0
L 12.5476 101.6 12.5476 101.854 0 P 0
L 12.6238 18.6182 12.6238 18.8722 0 P 0
L 12.66309888 20.15370112 12.66309888 20.40770112 0 P 0
L 12.77450074 30.68999958 14.42550074 30.68999958 0 P 0
L 13.0048 3.5942016 13.0048 5.1941984 0 P 0
L 13.05999928 117.6368996 13.05999928 118.9830996 0 P 0
L 13.60000074 29.86449958 13.60000074 31.51549958 0 P 0
L 13.68769932 119.64999946 14.93229932 119.64999946 0 P 0
L 14.30999932 119.02769946 14.30999932 120.27229946 0 P 0
L 14.81660232 32.9200002 15.88340232 32.9200002 0 P 0
L 15.35000232 32.3866002 15.35000232 33.4534002 0 P 0
L 15.621 36.068 15.875 36.068 0 P 0
L 15.621 37.4396 15.875 37.4396 0 P 0
L 15.621 38.8112 15.875 38.8112 0 P 0
L 15.621 40.1828 15.875 40.1828 0 P 0
L 15.621 41.5544 15.875 41.5544 0 P 0
L 15.748 35.941 15.748 36.195 0 P 0
L 15.748 37.3126 15.748 37.5666 0 P 0
L 15.748 38.6842 15.748 38.9382 0 P 0
L 15.748 40.0558 15.748 40.3098 0 P 0
L 15.748 41.4274 15.748 41.6814 0 P 0
L 16.1876994 119.64999946 17.4322994 119.64999946 0 P 0
L 16.2814 101.4222 16.5354 101.4222 0 P 0
L 16.2814 104.4702 16.5354 104.4702 0 P 0
L 16.2814 107.5436 16.5354 107.5436 0 P 0
L 16.4084 101.2952 16.4084 101.5492 0 P 0
L 16.4084 104.3432 16.4084 104.5972 0 P 0
L 16.4084 107.4166 16.4084 107.6706 0 P 0
L 16.77513536 38.8112 17.02913536 38.8112 0 P 0
L 16.79856432 41.5544 17.05256432 41.5544 0 P 0
L 16.8099994 119.02769946 16.8099994 120.27229946 0 P 0
L 16.8148 36.068 17.0688 36.068 0 P 0
L 16.82068264 37.4396 17.07468264 37.4396 0 P 0
L 16.83586168 40.1828 17.08986168 40.1828 0 P 0
L 16.90213536 38.6842 16.90213536 38.9382 0 P 0
L 16.92556432 41.4274 16.92556432 41.6814 0 P 0
L 16.9418 35.941 16.9418 36.195 0 P 0
L 16.94768264 37.3126 16.94768264 37.5666 0 P 0
L 16.96286168 40.0558 16.96286168 40.3098 0 P 0
L 17.6150016 4.2672 19.2149984 4.2672 0 P 0
L 18.3134 40.386 18.5674 40.386 0 P 0
L 18.3388 38.3032 18.5928 38.3032 0 P 0
L 18.3388 42.4434 18.5928 42.4434 0 P 0
L 18.3388 43.942 18.5928 43.942 0 P 0
L 18.415 3.4672016 18.415 5.0671984 0 P 0
L 18.4404 40.259 18.4404 40.513 0 P 0
L 18.4658 38.1762 18.4658 38.4302 0 P 0
L 18.4658 42.3164 18.4658 42.5704 0 P 0
L 18.4658 43.815 18.4658 44.069 0 P 0
L 18.6436 105.8672 18.8976 105.8672 0 P 0
L 18.68769948 119.64999946 19.93229948 119.64999946 0 P 0
L 18.7706 105.7402 18.7706 105.9942 0 P 0
L 19.30999948 119.02769946 19.30999948 120.27229946 0 P 0
L 19.3548 105.8926 19.6088 105.8926 0 P 0
L 19.4818 105.7656 19.4818 106.0196 0 P 0
L 19.7866 36.8808 20.0406 36.8808 0 P 0
L 19.9136 36.7538 19.9136 37.0078 0 P 0
L 20.6756 34.5186 20.9296 34.5186 0 P 0
L 20.701 35.941 20.955 35.941 0 P 0
L 20.8026 34.3916 20.8026 34.6456 0 P 0
L 20.828 35.814 20.828 36.068 0 P 0
L 21.6916 40.0558 21.9456 40.0558 0 P 0
L 21.6916 41.18186582 21.9456 41.18186582 0 P 0
L 21.6916 42.30793164 21.9456 42.30793164 0 P 0
L 21.6916 43.43399746 21.9456 43.43399746 0 P 0
L 21.8186 39.9288 21.8186 40.1828 0 P 0
L 21.8186 41.05486582 21.8186 41.30886582 0 P 0
L 21.8186 42.18093164 21.8186 42.43493164 0 P 0
L 21.8186 43.30699746 21.8186 43.56099746 0 P 0
L 22.7838 91.6178 23.0378 91.6178 0 P 0
L 22.8346 90.8304 23.0886 90.8304 0 P 0
L 22.8854 92.583 23.1394 92.583 0 P 0
L 22.9108 91.4908 22.9108 91.7448 0 P 0
L 22.9616 90.7034 22.9616 90.9574 0 P 0
L 23.0124 92.456 23.0124 92.71 0 P 0
L 23.1394 40.0558 23.3934 40.0558 0 P 0
L 23.1394 41.18186582 23.3934 41.18186582 0 P 0
L 23.1394 42.30793164 23.3934 42.30793164 0 P 0
L 23.1394 43.43399746 23.3934 43.43399746 0 P 0
L 23.2664 39.9288 23.2664 40.1828 0 P 0
L 23.2664 41.05486582 23.2664 41.30886582 0 P 0
L 23.2664 42.18093164 23.2664 42.43493164 0 P 0
L 23.2664 43.30699746 23.2664 43.56099746 0 P 0
L 23.49999364 22.50000072 30.50000504 22.50000072 0 P 0
L 23.6728 105.8418 23.9268 105.8418 0 P 0
L 23.7998 105.7148 23.7998 105.9688 0 P 0
L 24.13 36.9316 24.384 36.9316 0 P 0
L 24.257 36.8046 24.257 37.0586 0 P 0
L 24.892 93.3958 25.146 93.3958 0 P 0
L 25.019 93.2688 25.019 93.5228 0 P 0
L 25.146 4.5466 25.8572 4.5466 0 P 0
L 25.146 5.8166 25.8572 5.8166 0 P 0
L 25.5016 4.191 25.5016 4.9022 0 P 0
L 25.5016 5.461 25.5016 6.1722 0 P 0
L 26.12769984 119.64999946 27.37229984 119.64999946 0 P 0
L 26.1976997 31.74000002 27.4422997 31.74000002 0 P 0
L 26.416 4.5466 27.1272 4.5466 0 P 0
L 26.416 5.8166 27.1272 5.8166 0 P 0
L 26.74999984 119.02769946 26.74999984 120.27229946 0 P 0
L 26.7716 4.191 26.7716 4.9022 0 P 0
L 26.7716 5.461 26.7716 6.1722 0 P 0
L 26.8199997 31.11770002 26.8199997 32.36230002 0 P 0
L 26.99999934 18.99999502 26.99999934 26.00000642 0 P 0
L 27.686 4.5466 28.3972 4.5466 0 P 0
L 27.686 5.8166 28.3972 5.8166 0 P 0
L 28.0416 4.191 28.0416 4.9022 0 P 0
L 28.0416 5.461 28.0416 6.1722 0 P 0
L 28.62769992 119.64999946 29.87229992 119.64999946 0 P 0
L 28.69769978 31.74000002 29.94229978 31.74000002 0 P 0
L 28.956 4.5466 29.6672 4.5466 0 P 0
L 28.956 5.8166 29.6672 5.8166 0 P 0
L 29.24999992 119.02769946 29.24999992 120.27229946 0 P 0
L 29.3116 4.191 29.3116 4.9022 0 P 0
L 29.3116 5.461 29.3116 6.1722 0 P 0
L 29.3116 41.1226 29.5656 41.1226 0 P 0
L 29.31999978 31.11770002 29.31999978 32.36230002 0 P 0
L 29.4386 40.9956 29.4386 41.2496 0 P 0
L 29.6418 113.9952 29.8958 113.9952 0 P 0
L 29.7688 113.8682 29.7688 114.1222 0 P 0
L 29.82689996 118.3099996 31.17309996 118.3099996 0 P 0
L 30.226 4.5466 30.9372 4.5466 0 P 0
L 30.226 5.8166 30.9372 5.8166 0 P 0
L 30.49999996 117.6368996 30.49999996 118.9830996 0 P 0
L 30.5054 12.2428 30.7594 12.2428 0 P 0
L 30.5308 12.954 30.7848 12.954 0 P 0
L 30.5308 13.6398 30.7848 13.6398 0 P 0
L 30.5816 4.191 30.5816 4.9022 0 P 0
L 30.5816 5.461 30.5816 6.1722 0 P 0
L 30.6324 12.1158 30.6324 12.3698 0 P 0
L 30.6578 12.827 30.6578 13.081 0 P 0
L 30.6578 13.5128 30.6578 13.7668 0 P 0
L 31.1277 119.64999946 32.3723 119.64999946 0 P 0
L 31.19769986 31.74000002 32.44229986 31.74000002 0 P 0
L 31.75 119.02769946 31.75 120.27229946 0 P 0
L 31.81999986 31.11770002 31.81999986 32.36230002 0 P 0
L 31.877 11.2268 32.131 11.2268 0 P 0
L 32.004 11.0998 32.004 11.3538 0 P 0
L 32.3968999 33.07999988 33.7430999 33.07999988 0 P 0
L 33.0699999 32.40689988 33.0699999 33.75309988 0 P 0
L 33.4999965 127.50000154 41.5000059 127.50000154 0 P 0
L 33.528 39.1668 33.782 39.1668 0 P 0
L 33.62770008 119.64999946 34.87230008 119.64999946 0 P 0
L 33.655 39.0398 33.655 39.2938 0 P 0
L 33.69769994 31.74000002 34.94229994 31.74000002 0 P 0
L 34.25000008 119.02769946 34.25000008 120.27229946 0 P 0
L 34.31999994 31.11770002 34.31999994 32.36230002 0 P 0
L 35.2298 98.9076 35.4838 98.9076 0 P 0
L 35.3568 98.7806 35.3568 99.0346 0 P 0
L 36.19770002 31.74000002 37.44230002 31.74000002 0 P 0
L 36.3433487 99.0132513 36.5973487 99.0132513 0 P 0
L 36.4703487 98.8862513 36.4703487 99.1402513 0 P 0
L 36.82000002 31.11770002 36.82000002 32.36230002 0 P 0
L 37.1348 102.5652 37.3888 102.5652 0 P 0
L 37.1348 103.6574 37.3888 103.6574 0 P 0
L 37.1348 104.7496 37.3888 104.7496 0 P 0
L 37.2618 40.7924 37.5158 40.7924 0 P 0
L 37.2618 102.4382 37.2618 102.6922 0 P 0
L 37.2618 103.5304 37.2618 103.7844 0 P 0
L 37.2618 104.6226 37.2618 104.8766 0 P 0
L 37.3888 40.6654 37.3888 40.9194 0 P 0
L 37.5000012 123.49999684 37.5000012 131.50000624 0 P 0
L 37.5412 98.8568 37.7952 98.8568 0 P 0
L 37.6682 98.7298 37.6682 98.9838 0 P 0
L 37.8206 108.6358 38.0746 108.6358 0 P 0
L 37.9476 108.5088 37.9476 108.7628 0 P 0
L 38.1 112.0648 38.354 112.0648 0 P 0
L 38.1889 102.5652 38.4429 102.5652 0 P 0
L 38.1889 103.6574 38.4429 103.6574 0 P 0
L 38.1889 104.7496 38.4429 104.7496 0 P 0
L 38.227 111.9378 38.227 112.1918 0 P 0
L 38.3159 102.4382 38.3159 102.6922 0 P 0
L 38.3159 103.5304 38.3159 103.7844 0 P 0
L 38.3159 104.6226 38.3159 104.8766 0 P 0
L 38.9636 107.7722 39.2176 107.7722 0 P 0
L 39.05937324 99.25557238 39.31337324 99.25557238 0 P 0
L 39.0906 107.6452 39.0906 107.8992 0 P 0
L 39.18637324 99.12857238 39.18637324 99.38257238 0 P 0
L 39.243 102.5652 39.497 102.5652 0 P 0
L 39.243 103.632 39.497 103.632 0 P 0
L 39.243 104.7496 39.497 104.7496 0 P 0
L 39.37 102.4382 39.37 102.6922 0 P 0
L 39.37 103.505 39.37 103.759 0 P 0
L 39.37 104.6226 39.37 104.8766 0 P 0
L 39.6494 95.7072 39.9034 95.7072 0 P 0
L 39.7764 95.5802 39.7764 95.8342 0 P 0
L 39.8272 108.331 40.0812 108.331 0 P 0
L 39.9542 108.204 39.9542 108.458 0 P 0
L 40.2844 110.617 40.5384 110.617 0 P 0
L 40.2971 102.5652 40.5511 102.5652 0 P 0
L 40.2971 103.6574 40.5511 103.6574 0 P 0
L 40.2971 104.7496 40.5511 104.7496 0 P 0
L 40.4114 110.49 40.4114 110.744 0 P 0
L 40.4241 102.4382 40.4241 102.6922 0 P 0
L 40.4241 103.5304 40.4241 103.7844 0 P 0
L 40.4241 104.6226 40.4241 104.8766 0 P 0
L 40.8178 99.0854 41.0718 99.0854 0 P 0
L 40.894 28.2448 41.148 28.2448 0 P 0
L 40.9448 98.9584 40.9448 99.2124 0 P 0
L 41.021 28.1178 41.021 28.3718 0 P 0
L 41.021 35.3314 41.275 35.3314 0 P 0
L 41.0718 107.696 41.3258 107.696 0 P 0
L 41.148 35.2044 41.148 35.4584 0 P 0
L 41.1988 107.569 41.1988 107.823 0 P 0
L 41.2496 40.64 41.5036 40.64 0 P 0
L 41.3512 102.5652 41.6052 102.5652 0 P 0
L 41.3512 103.6574 41.6052 103.6574 0 P 0
L 41.3512 104.7496 41.6052 104.7496 0 P 0
L 41.3766 40.513 41.3766 40.767 0 P 0
L 41.4782 102.4382 41.4782 102.6922 0 P 0
L 41.4782 103.5304 41.4782 103.7844 0 P 0
L 41.4782 104.6226 41.4782 104.8766 0 P 0
L 41.6052 99.06 41.8592 99.06 0 P 0
L 41.7322 98.933 41.7322 99.187 0 P 0
L 42.0116 33.6042 42.2656 33.6042 0 P 0
L 42.1386 33.4772 42.1386 33.7312 0 P 0
L 42.418 99.0346 42.672 99.0346 0 P 0
L 42.5196 32.1564 42.7736 32.1564 0 P 0
L 42.545 98.9076 42.545 99.1616 0 P 0
L 42.6466 32.0294 42.6466 32.2834 0 P 0
L 42.75464144 108.3818 43.00864144 108.3818 0 P 0
L 42.88164144 108.2548 42.88164144 108.5088 0 P 0
L 43.0276 111.5822 43.2816 111.5822 0 P 0
L 43.1038 32.9946 43.3578 32.9946 0 P 0
L 43.1546 111.4552 43.1546 111.7092 0 P 0
L 43.18 99.0346 43.434 99.0346 0 P 0
L 43.2308 32.8676 43.2308 33.1216 0 P 0
L 43.307 98.9076 43.307 99.1616 0 P 0
L 43.6372 34.1122 43.8912 34.1122 0 P 0
L 43.7388 65.2018 43.9928 65.2018 0 P 0
L 43.7642 33.9852 43.7642 34.2392 0 P 0
L 43.8404 66.6496 44.0944 66.6496 0 P 0
L 43.8658 65.0748 43.8658 65.3288 0 P 0
L 43.9674 66.5226 43.9674 66.7766 0 P 0
L 44.49999736 41.99999982 53.50000476 41.99999982 0 P 0
L 44.5262 108.0008 44.7802 108.0008 0 P 0
L 44.5516 61.25169868 44.8056 61.25169868 0 P 0
L 44.6532 107.8738 44.6532 108.1278 0 P 0
L 44.6786 61.12469868 44.6786 61.37869868 0 P 0
L 45.4152 97.9678 45.6692 97.9678 0 P 0
L 45.4152 110.744 45.6692 110.744 0 P 0
L 45.5422 97.8408 45.5422 98.0948 0 P 0
L 45.5422 110.617 45.5422 110.871 0 P 0
L 46.8376 32.0548 47.0916 32.0548 0 P 0
L 46.9646 31.9278 46.9646 32.1818 0 P 0
L 46.9646 66.2178 47.2186 66.2178 0 P 0
L 47.06007352 20.2946 47.31407352 20.2946 0 P 0
L 47.0662 75.2602 47.3202 75.2602 0 P 0
L 47.0916 66.0908 47.0916 66.3448 0 P 0
L 47.0916 73.8378 47.3456 73.8378 0 P 0
L 47.18707352 20.1676 47.18707352 20.4216 0 P 0
L 47.1932 75.1332 47.1932 75.3872 0 P 0
L 47.2186 73.7108 47.2186 73.9648 0 P 0
L 47.371 25.3746 47.625 25.3746 0 P 0
L 47.498 25.2476 47.498 25.5016 0 P 0
L 47.75986892 28.36992802 48.01386892 28.36992802 0 P 0
L 47.8028 67.945 48.0568 67.945 0 P 0
L 47.88686892 28.24292802 47.88686892 28.49692802 0 P 0
L 47.9298 67.818 47.9298 68.072 0 P 0
L 49.00000106 37.49999612 49.00000106 46.50000352 0 P 0
L 49.276 105.7148 49.53 105.7148 0 P 0
L 49.403 105.5878 49.403 105.8418 0 P 0
L 49.4284 67.6402 49.6824 67.6402 0 P 0
L 49.5554 67.5132 49.5554 67.7672 0 P 0
L 49.6444016 88.0618 51.2443984 88.0618 0 P 0
L 49.6824 72.898 49.9364 72.898 0 P 0
L 49.7332 30.37886736 49.9872 30.37886736 0 P 0
L 49.8094 72.771 49.8094 73.025 0 P 0
L 49.8602 30.25186736 49.8602 30.50586736 0 P 0
L 49.91999922 125.4506 50.86999986 125.4506 0 P 0
L 49.9364 94.6404 50.1904 94.6404 0 P 0
L 50.0634 94.5134 50.0634 94.7674 0 P 0
L 50.0888 66.1924 50.3428 66.1924 0 P 0
L 50.1396 26.2636 50.3936 26.2636 0 P 0
L 50.1396 27.2034 50.3936 27.2034 0 P 0
L 50.2158 66.0654 50.2158 66.3194 0 P 0
L 50.2666 26.1366 50.2666 26.3906 0 P 0
L 50.2666 27.0764 50.2666 27.3304 0 P 0
L 50.3380756 63.3419104 50.5920756 63.3419104 0 P 0
L 50.39499954 124.97559968 50.39499954 125.92560032 0 P 0
L 50.4444 87.2618016 50.4444 88.8617984 0 P 0
L 50.4650756 63.2149104 50.4650756 63.4689104 0 P 0
L 50.5206 105.6894 50.7746 105.6894 0 P 0
L 50.6476 105.5624 50.6476 105.8164 0 P 0
L 50.66320068 30.29240068 50.91720068 30.29240068 0 P 0
L 50.79020068 30.16540068 50.79020068 30.41940068 0 P 0
L 50.8762 72.1614 51.1302 72.1614 0 P 0
L 51.0032 72.0344 51.0032 72.2884 0 P 0
L 51.0286 129.8448 51.2826 129.8448 0 P 0
L 51.054 26.2636 51.308 26.2636 0 P 0
L 51.054 27.2034 51.308 27.2034 0 P 0
L 51.1556 129.7178 51.1556 129.9718 0 P 0
L 51.181 26.1366 51.181 26.3906 0 P 0
L 51.181 27.0764 51.181 27.3304 0 P 0
L 51.2064 33.8582 51.4604 33.8582 0 P 0
L 51.308 114.4016 51.562 114.4016 0 P 0
L 51.3334 33.7312 51.3334 33.9852 0 P 0
L 51.4096 46.4312 51.6636 46.4312 0 P 0
L 51.435 114.2746 51.435 114.5286 0 P 0
L 51.4604 94.6404 51.7144 94.6404 0 P 0
L 51.5366 46.3042 51.5366 46.5582 0 P 0
L 51.5874 94.5134 51.5874 94.7674 0 P 0
L 51.6636 105.6386 51.9176 105.6386 0 P 0
L 51.7144 16.4592 51.9684 16.4592 0 P 0
L 51.7906 105.5116 51.7906 105.7656 0 P 0
L 51.8414 16.3322 51.8414 16.5862 0 P 0
L 51.8922 72.0852 52.1462 72.0852 0 P 0
L 52.0192 71.9582 52.0192 72.2122 0 P 0
L 52.578 23.5712 52.832 23.5712 0 P 0
L 52.6034 46.1518 52.8574 46.1518 0 P 0
L 52.6796 33.8582 52.9336 33.8582 0 P 0
L 52.705 23.4442 52.705 23.6982 0 P 0
L 52.7304 46.0248 52.7304 46.2788 0 P 0
L 52.8066 33.7312 52.8066 33.9852 0 P 0
L 52.9082 129.8448 53.1622 129.8448 0 P 0
L 52.9336 14.1986 53.1876 14.1986 0 P 0
L 53.0352 24.2824 53.2892 24.2824 0 P 0
L 53.0352 129.7178 53.0352 129.9718 0 P 0
L 53.0606 14.0716 53.0606 14.3256 0 P 0
L 53.0606 62.611 53.3146 62.611 0 P 0
L 53.0606 63.8556 53.3146 63.8556 0 P 0
L 53.0606 65.1002 53.3146 65.1002 0 P 0
L 53.0606 66.3448 53.3146 66.3448 0 P 0
L 53.1622 24.1554 53.1622 24.4094 0 P 0
L 53.1876 23.0378 53.4416 23.0378 0 P 0
L 53.1876 62.484 53.1876 62.738 0 P 0
L 53.1876 63.7286 53.1876 63.9826 0 P 0
L 53.1876 64.9732 53.1876 65.2272 0 P 0
L 53.1876 66.2178 53.1876 66.4718 0 P 0
L 53.213 90.5764 53.467 90.5764 0 P 0
L 53.27000014 125.4506 54.22000078 125.4506 0 P 0
L 53.3146 22.9108 53.3146 23.1648 0 P 0
L 53.34 90.4494 53.34 90.7034 0 P 0
L 53.5178 17.06918862 53.7718 17.06918862 0 P 0
L 53.6448 16.94218862 53.6448 17.19618862 0 P 0
L 53.6956 25.4254 53.9496 25.4254 0 P 0
L 53.721 21.4376 53.975 21.4376 0 P 0
L 53.72379908 92.8624 53.97779908 92.8624 0 P 0
L 53.74500046 124.97559968 53.74500046 125.92560032 0 P 0
L 53.8226 25.2984 53.8226 25.5524 0 P 0
L 53.848 21.3106 53.848 21.5646 0 P 0
L 53.85079908 92.7354 53.85079908 92.9894 0 P 0
L 54.4322 62.5602 54.6862 62.5602 0 P 0
L 54.4322 63.82173164 54.6862 63.82173164 0 P 0
L 54.4322 65.08326328 54.6862 65.08326328 0 P 0
L 54.4322 66.34479492 54.6862 66.34479492 0 P 0
L 54.5592 62.4332 54.5592 62.6872 0 P 0
L 54.5592 63.69473164 54.5592 63.94873164 0 P 0
L 54.5592 64.95626328 54.5592 65.21026328 0 P 0
L 54.5592 66.21779492 54.5592 66.47179492 0 P 0
L 54.6482016 70.5358 56.2481984 70.5358 0 P 0
L 54.9784016 44.8564 56.5783984 44.8564 0 P 0
L 55.0418 26.3144 55.2958 26.3144 0 P 0
L 55.118 87.1474 55.372 87.1474 0 P 0
L 55.1688 26.1874 55.1688 26.4414 0 P 0
L 55.245 87.0204 55.245 87.2744 0 P 0
L 55.4482 69.7358016 55.4482 71.3357984 0 P 0
L 55.7784 44.0564016 55.7784 45.6563984 0 P 0
L 55.8038 62.5602 56.0578 62.5602 0 P 0
L 55.8038 63.82173164 56.0578 63.82173164 0 P 0
L 55.8038 65.08326328 56.0578 65.08326328 0 P 0
L 55.8038 66.34479492 56.0578 66.34479492 0 P 0
L 55.92100068 92.84400024 56.17500068 92.84400024 0 P 0
L 55.9308 62.4332 55.9308 62.6872 0 P 0
L 55.9308 63.69473164 55.9308 63.94873164 0 P 0
L 55.9308 64.95626328 55.9308 65.21026328 0 P 0
L 55.9308 66.21779492 55.9308 66.47179492 0 P 0
L 56.04800068 92.71700024 56.04800068 92.97100024 0 P 0
L 56.8452 37.6936 57.0992 37.6936 0 P 0
L 56.9722 37.5666 56.9722 37.8206 0 P 0
L 57.1754 62.6364 57.4294 62.6364 0 P 0
L 57.1754 63.87253164 57.4294 63.87253164 0 P 0
L 57.1754 65.10866328 57.4294 65.10866328 0 P 0
L 57.1754 66.34479492 57.4294 66.34479492 0 P 0
L 57.3024 62.5094 57.3024 62.7634 0 P 0
L 57.3024 63.74553164 57.3024 63.99953164 0 P 0
L 57.3024 64.98166328 57.3024 65.23566328 0 P 0
L 57.3024 66.21779492 57.3024 66.47179492 0 P 0
L 57.5056 103.6066 57.7596 103.6066 0 P 0
L 57.6326 103.4796 57.6326 103.7336 0 P 0
L 57.9477632 56.19236412 58.2017632 56.19236412 0 P 0
L 58.0747632 56.06536412 58.0747632 56.31936412 0 P 0
L 58.2422 24.2316 58.4962 24.2316 0 P 0
L 58.3692 24.1046 58.3692 24.3586 0 P 0
L 58.6232 51.816 58.8772 51.816 0 P 0
L 58.6232 53.2892 58.8772 53.2892 0 P 0
L 58.6486 50.3174 58.9026 50.3174 0 P 0
L 58.6486 54.8132 58.9026 54.8132 0 P 0
L 58.7502 51.689 58.7502 51.943 0 P 0
L 58.7502 53.1622 58.7502 53.4162 0 P 0
L 58.7756 50.1904 58.7756 50.4444 0 P 0
L 58.7756 54.6862 58.7756 54.9402 0 P 0
L 59.0932016 44.8564 60.6931984 44.8564 0 P 0
L 59.309 89.52469776 59.563 89.52469776 0 P 0
L 59.436 89.39769776 59.436 89.65169776 0 P 0
L 59.74280152 27.70939848 59.99680152 27.70939848 0 P 0
L 59.86980152 27.58239848 59.86980152 27.83639848 0 P 0
L 59.8932 44.0564016 59.8932 45.6563984 0 P 0
L 60.1472 69.90080508 60.4012 69.90080508 0 P 0
L 60.1472 71.14540508 60.4012 71.14540508 0 P 0
L 60.1472 72.39000508 60.4012 72.39000508 0 P 0
L 60.1472 73.63460508 60.4012 73.63460508 0 P 0
L 60.2488 62.58560508 60.5028 62.58560508 0 P 0
L 60.2488 63.83020508 60.5028 63.83020508 0 P 0
L 60.2488 65.07480508 60.5028 65.07480508 0 P 0
L 60.2488 66.31940508 60.5028 66.31940508 0 P 0
L 60.2742 69.77380508 60.2742 70.02780508 0 P 0
L 60.2742 71.01840508 60.2742 71.27240508 0 P 0
L 60.2742 72.26300508 60.2742 72.51700508 0 P 0
L 60.2742 73.50760508 60.2742 73.76160508 0 P 0
L 60.3758 62.45860508 60.3758 62.71260508 0 P 0
L 60.3758 63.70320508 60.3758 63.95720508 0 P 0
L 60.3758 64.94780508 60.3758 65.20180508 0 P 0
L 60.3758 66.19240508 60.3758 66.44640508 0 P 0
L 60.4012 14.351 60.6552 14.351 0 P 0
L 60.5282 14.224 60.5282 14.478 0 P 0
L 60.7822 92.5068 61.0362 92.5068 0 P 0
L 60.8838 39.7002 61.1378 39.7002 0 P 0
L 60.9092 20.3962 61.1632 20.3962 0 P 0
L 60.9092 21.463 61.1632 21.463 0 P 0
L 60.9092 92.3798 60.9092 92.6338 0 P 0
L 61.0108 39.5732 61.0108 39.8272 0 P 0
L 61.0362 20.2692 61.0362 20.5232 0 P 0
L 61.0362 21.336 61.0362 21.59 0 P 0
L 61.1632 83.8708 61.4172 83.8708 0 P 0
L 61.2648 27.7368 61.5188 27.7368 0 P 0
L 61.2902 83.7438 61.2902 83.9978 0 P 0
L 61.3918 27.6098 61.3918 27.8638 0 P 0
L 61.5188 69.85000508 61.7728 69.85000508 0 P 0
L 61.5188 71.11153672 61.7728 71.11153672 0 P 0
L 61.5188 72.37306836 61.7728 72.37306836 0 P 0
L 61.5188 73.6346 61.7728 73.6346 0 P 0
L 61.5442 80.7974 61.7982 80.7974 0 P 0
L 61.6204 62.53480508 61.8744 62.53480508 0 P 0
L 61.6204 63.79633672 61.8744 63.79633672 0 P 0
L 61.6204 65.05786836 61.8744 65.05786836 0 P 0
L 61.6204 66.3194 61.8744 66.3194 0 P 0
L 61.6458 69.72300508 61.6458 69.97700508 0 P 0
L 61.6458 70.98453672 61.6458 71.23853672 0 P 0
L 61.6458 72.24606836 61.6458 72.50006836 0 P 0
L 61.6458 73.5076 61.6458 73.7616 0 P 0
L 61.6712 80.6704 61.6712 80.9244 0 P 0
L 61.7474 62.40780508 61.7474 62.66180508 0 P 0
L 61.7474 63.66933672 61.7474 63.92333672 0 P 0
L 61.7474 64.93086836 61.7474 65.18486836 0 P 0
L 61.7474 66.1924 61.7474 66.4464 0 P 0
L 61.8744 20.3962 62.1284 20.3962 0 P 0
L 61.8744 21.4376 62.1284 21.4376 0 P 0
L 62.0014 20.2692 62.0014 20.5232 0 P 0
L 62.0014 21.3106 62.0014 21.5646 0 P 0
L 62.0522 83.8708 62.3062 83.8708 0 P 0
L 62.0522 111.506 62.3062 111.506 0 P 0
L 62.0522 112.6998 62.3062 112.6998 0 P 0
L 62.1792 83.7438 62.1792 83.9978 0 P 0
L 62.1792 111.379 62.1792 111.633 0 P 0
L 62.1792 112.5728 62.1792 112.8268 0 P 0
L 62.2554 92.5068 62.5094 92.5068 0 P 0
L 62.3824 92.3798 62.3824 92.6338 0 P 0
L 62.484 18.2372 62.738 18.2372 0 P 0
L 62.611 18.1102 62.611 18.3642 0 P 0
L 62.738 27.7114 62.992 27.7114 0 P 0
L 62.865 27.5844 62.865 27.8384 0 P 0
L 62.8904 69.85000508 63.1444 69.85000508 0 P 0
L 62.8904 71.11153672 63.1444 71.11153672 0 P 0
L 62.8904 72.37306836 63.1444 72.37306836 0 P 0
L 62.8904 73.6346 63.1444 73.6346 0 P 0
L 62.992 62.53480508 63.246 62.53480508 0 P 0
L 62.992 63.79633672 63.246 63.79633672 0 P 0
L 62.992 65.05786836 63.246 65.05786836 0 P 0
L 62.992 66.3194 63.246 66.3194 0 P 0
L 63.0174 69.72300508 63.0174 69.97700508 0 P 0
L 63.0174 70.98453672 63.0174 71.23853672 0 P 0
L 63.0174 72.24606836 63.0174 72.50006836 0 P 0
L 63.0174 73.5076 63.0174 73.7616 0 P 0
L 63.119 62.40780508 63.119 62.66180508 0 P 0
L 63.119 63.66933672 63.119 63.92333672 0 P 0
L 63.119 64.93086836 63.119 65.18486836 0 P 0
L 63.119 66.1924 63.119 66.4464 0 P 0
L 63.2714 111.506 63.5254 111.506 0 P 0
L 63.2714 112.6998 63.5254 112.6998 0 P 0
L 63.3984 111.379 63.3984 111.633 0 P 0
L 63.3984 112.5728 63.3984 112.8268 0 P 0
L 63.48849888 42.70890112 63.74249888 42.70890112 0 P 0
L 63.61549888 42.58190112 63.61549888 42.83590112 0 P 0
L 63.62498324 52.85258416 63.87898324 52.85258416 0 P 0
L 63.7286 92.5068 63.9826 92.5068 0 P 0
L 63.75198324 52.72558416 63.75198324 52.97958416 0 P 0
L 63.7794 19.61500014 64.0334 19.61500014 0 P 0
L 63.8556 92.3798 63.8556 92.6338 0 P 0
L 63.9064 19.48800014 63.9064 19.74200014 0 P 0
L 64.2366 27.7368 64.4906 27.7368 0 P 0
L 64.262 69.92620508 64.516 69.92620508 0 P 0
L 64.262 71.16233672 64.516 71.16233672 0 P 0
L 64.262 72.39846836 64.516 72.39846836 0 P 0
L 64.262 73.6346 64.516 73.6346 0 P 0
L 64.3256016 58.5978 65.9255984 58.5978 0 P 0
L 64.3382 20.066 64.5922 20.066 0 P 0
L 64.3636 27.6098 64.3636 27.8638 0 P 0
L 64.3636 62.61100508 64.6176 62.61100508 0 P 0
L 64.3636 63.84713672 64.6176 63.84713672 0 P 0
L 64.3636 65.08326836 64.6176 65.08326836 0 P 0
L 64.3636 66.3194 64.6176 66.3194 0 P 0
L 64.389 53.59724612 64.643 53.59724612 0 P 0
L 64.389 69.79920508 64.389 70.05320508 0 P 0
L 64.389 71.03533672 64.389 71.28933672 0 P 0
L 64.389 72.27146836 64.389 72.52546836 0 P 0
L 64.389 73.5076 64.389 73.7616 0 P 0
L 64.4652 19.939 64.4652 20.193 0 P 0
L 64.4906 62.48400508 64.4906 62.73800508 0 P 0
L 64.4906 63.72013672 64.4906 63.97413672 0 P 0
L 64.4906 64.95626836 64.4906 65.21026836 0 P 0
L 64.4906 66.1924 64.4906 66.4464 0 P 0
L 64.4906 111.506 64.7446 111.506 0 P 0
L 64.4906 112.6998 64.7446 112.6998 0 P 0
L 64.516 53.47024612 64.516 53.72424612 0 P 0
L 64.6176 45.8978 64.8716 45.8978 0 P 0
L 64.6176 111.379 64.6176 111.633 0 P 0
L 64.6176 112.5728 64.6176 112.8268 0 P 0
L 64.643 77.4446 64.897 77.4446 0 P 0
L 64.7446 45.7708 64.7446 46.0248 0 P 0
L 64.77 77.3176 64.77 77.5716 0 P 0
L 65.1256 57.7978016 65.1256 59.3977984 0 P 0
L 65.3796 120.396 65.6336 120.396 0 P 0
L 65.3796 121.5898 65.6336 121.5898 0 P 0
L 65.3796 128.3208 65.6336 128.3208 0 P 0
L 65.3796 129.5146 65.6336 129.5146 0 P 0
L 65.5066 120.269 65.5066 120.523 0 P 0
L 65.5066 121.4628 65.5066 121.7168 0 P 0
L 65.5066 128.1938 65.5066 128.4478 0 P 0
L 65.5066 129.3876 65.5066 129.6416 0 P 0
L 65.7098 111.506 65.9638 111.506 0 P 0
L 65.7098 112.6998 65.9638 112.6998 0 P 0
L 65.8368 111.379 65.8368 111.633 0 P 0
L 65.8368 112.5728 65.8368 112.8268 0 P 0
L 65.9892 88.9254 66.2432 88.9254 0 P 0
L 66.022601 11.2776 67.022599 11.2776 0 P 0
L 66.1162 88.7984 66.1162 89.0524 0 P 0
L 66.3448 15.6464 66.5988 15.6464 0 P 0
L 66.4718 15.5194 66.4718 15.7734 0 P 0
L 66.5226 10.777601 66.5226 11.777599 0 P 0
L 66.5734 8.255 66.8274 8.255 0 P 0
L 66.5988 120.396 66.8528 120.396 0 P 0
L 66.5988 121.5898 66.8528 121.5898 0 P 0
L 66.5988 128.3208 66.8528 128.3208 0 P 0
L 66.5988 129.5146 66.8528 129.5146 0 P 0
L 66.7004 8.128 66.7004 8.382 0 P 0
L 66.7258 120.269 66.7258 120.523 0 P 0
L 66.7258 121.4628 66.7258 121.7168 0 P 0
L 66.7258 128.1938 66.7258 128.4478 0 P 0
L 66.7258 129.3876 66.7258 129.6416 0 P 0
L 66.94553032 26.91513032 67.19953032 26.91513032 0 P 0
L 67.07253032 26.78813032 67.07253032 27.04213032 0 P 0
L 67.2084 22.6822 67.4624 22.6822 0 P 0
L 67.2338 74.3204 67.4878 74.3204 0 P 0
L 67.2592 62.7888 67.5132 62.7888 0 P 0
L 67.2846 61.9506 67.5386 61.9506 0 P 0
L 67.31 70.0532 67.564 70.0532 0 P 0
L 67.3354 22.5552 67.3354 22.8092 0 P 0
L 67.3354 67.0306 67.5894 67.0306 0 P 0
L 67.3608 74.1934 67.3608 74.4474 0 P 0
L 67.3862 62.6618 67.3862 62.9158 0 P 0
L 67.4116 61.8236 67.4116 62.0776 0 P 0
L 67.437 35.433 67.691 35.433 0 P 0
L 67.437 69.9262 67.437 70.1802 0 P 0
L 67.4624 66.9036 67.4624 67.1576 0 P 0
L 67.564 35.306 67.564 35.56 0 P 0
L 67.7926 57.9628 68.0466 57.9628 0 P 0
L 67.818 120.396 68.072 120.396 0 P 0
L 67.818 121.5898 68.072 121.5898 0 P 0
L 67.818 128.3208 68.072 128.3208 0 P 0
L 67.818 129.5146 68.072 129.5146 0 P 0
L 67.9196 57.8358 67.9196 58.0898 0 P 0
L 67.945 120.269 67.945 120.523 0 P 0
L 67.945 121.4628 67.945 121.7168 0 P 0
L 67.945 128.1938 67.945 128.4478 0 P 0
L 67.945 129.3876 67.945 129.6416 0 P 0
L 68.0466 16.383 68.3006 16.383 0 P 0
L 68.1736 16.256 68.1736 16.51 0 P 0
L 68.1736 30.7086 68.4276 30.7086 0 P 0
L 68.3006 30.5816 68.3006 30.8356 0 P 0
L 68.4022 41.4528 68.6562 41.4528 0 P 0
L 68.4276 111.4806 68.6816 111.4806 0 P 0
L 68.4276 112.6744 68.6816 112.6744 0 P 0
L 68.5292 41.3258 68.5292 41.5798 0 P 0
L 68.5546 111.3536 68.5546 111.6076 0 P 0
L 68.5546 112.5474 68.5546 112.8014 0 P 0
L 68.562601 11.2776 69.562599 11.2776 0 P 0
L 68.6816 29.845 68.9356 29.845 0 P 0
L 68.8086 29.718 68.8086 29.972 0 P 0
L 68.8594 68.58 69.1134 68.58 0 P 0
L 68.9864 68.453 68.9864 68.707 0 P 0
L 69.0372 120.396 69.2912 120.396 0 P 0
L 69.0372 121.5898 69.2912 121.5898 0 P 0
L 69.0372 128.3208 69.2912 128.3208 0 P 0
L 69.0372 129.5146 69.2912 129.5146 0 P 0
L 69.0626 10.777601 69.0626 11.777599 0 P 0
L 69.1134 2.5654 69.3674 2.5654 0 P 0
L 69.1642 120.269 69.1642 120.523 0 P 0
L 69.1642 121.4628 69.1642 121.7168 0 P 0
L 69.1642 128.1938 69.1642 128.4478 0 P 0
L 69.1642 129.3876 69.1642 129.6416 0 P 0
L 69.2404 2.4384 69.2404 2.6924 0 P 0
L 69.4944 21.6154 69.7484 21.6154 0 P 0
L 69.6214 21.4884 69.6214 21.7424 0 P 0
L 69.6468 111.4806 69.9008 111.4806 0 P 0
L 69.6468 112.6744 69.9008 112.6744 0 P 0
L 69.7738 111.3536 69.7738 111.6076 0 P 0
L 69.7738 112.5474 69.7738 112.8014 0 P 0
L 69.9262 52.0446 70.1802 52.0446 0 P 0
L 69.9516 53.467 70.2056 53.467 0 P 0
L 69.977 25.7302 70.231 25.7302 0 P 0
L 70.0024 18.6436 70.2564 18.6436 0 P 0
L 70.0278 23.0632 70.2818 23.0632 0 P 0
L 70.0532 51.9176 70.0532 52.1716 0 P 0
L 70.0786 14.1986 70.3326 14.1986 0 P 0
L 70.0786 20.1422 70.3326 20.1422 0 P 0
L 70.0786 53.34 70.0786 53.594 0 P 0
L 70.104 17.145 70.358 17.145 0 P 0
L 70.104 25.6032 70.104 25.8572 0 P 0
L 70.1294 18.5166 70.1294 18.7706 0 P 0
L 70.1548 22.9362 70.1548 23.1902 0 P 0
L 70.2056 14.0716 70.2056 14.3256 0 P 0
L 70.2056 20.0152 70.2056 20.2692 0 P 0
L 70.231 17.018 70.231 17.272 0 P 0
L 70.3326 70.0786 70.5866 70.0786 0 P 0
L 70.4596 69.9516 70.4596 70.2056 0 P 0
L 70.50859914 62.79060086 70.76259914 62.79060086 0 P 0
L 70.63559914 62.66360086 70.63559914 62.91760086 0 P 0
L 70.6374 65.3542 70.8914 65.3542 0 P 0
L 70.6628 72.644 70.9168 72.644 0 P 0
L 70.739 25.7048 70.993 25.7048 0 P 0
L 70.7644 65.2272 70.7644 65.4812 0 P 0
L 70.7898 72.517 70.7898 72.771 0 P 0
L 70.866 25.5778 70.866 25.8318 0 P 0
L 70.866 111.4806 71.12 111.4806 0 P 0
L 70.866 112.6744 71.12 112.6744 0 P 0
L 70.993 111.3536 70.993 111.6076 0 P 0
L 70.993 112.5474 70.993 112.8014 0 P 0
L 71.501 60.0456 71.755 60.0456 0 P 0
L 71.628 59.9186 71.628 60.1726 0 P 0
L 71.8058 57.9882 72.0598 57.9882 0 P 0
L 71.9328 57.8612 71.9328 58.1152 0 P 0
L 71.9456016 80.01 73.5455984 80.01 0 P 0
L 72.0852 111.4806 72.3392 111.4806 0 P 0
L 72.0852 112.6744 72.3392 112.6744 0 P 0
L 72.2122 111.3536 72.2122 111.6076 0 P 0
L 72.2122 112.5474 72.2122 112.8014 0 P 0
L 72.7456 79.2100016 72.7456 80.8099984 0 P 0
L 72.9488 30.7086 73.2028 30.7086 0 P 0
L 73.0758 30.5816 73.0758 30.8356 0 P 0
L 73.152 28.4734 73.406 28.4734 0 P 0
L 73.279 28.3464 73.279 28.6004 0 P 0
L 73.9394 67.183 74.1934 67.183 0 P 0
L 73.9394 88.6968 74.1934 88.6968 0 P 0
L 73.9394 89.9668 74.1934 89.9668 0 P 0
L 73.9394 91.2368 74.1934 91.2368 0 P 0
L 73.9394 92.5068 74.1934 92.5068 0 P 0
L 73.9394 93.7768 74.1934 93.7768 0 P 0
L 73.9648 65.532 74.2188 65.532 0 P 0
L 73.9902 68.9356 74.2442 68.9356 0 P 0
L 73.9902 73.9648 74.2442 73.9648 0 P 0
L 74.041 62.2046 74.295 62.2046 0 P 0
L 74.0664 67.056 74.0664 67.31 0 P 0
L 74.0664 88.5698 74.0664 88.8238 0 P 0
L 74.0664 89.8398 74.0664 90.0938 0 P 0
L 74.0664 91.1098 74.0664 91.3638 0 P 0
L 74.0664 92.3798 74.0664 92.6338 0 P 0
L 74.0664 93.6498 74.0664 93.9038 0 P 0
L 74.0918 65.405 74.0918 65.659 0 P 0
L 74.1172 68.8086 74.1172 69.0626 0 P 0
L 74.1172 73.8378 74.1172 74.0918 0 P 0
L 74.168 62.0776 74.168 62.3316 0 P 0
L 74.3458 8.3058 74.5998 8.3058 0 P 0
L 74.4474 72.898 74.7014 72.898 0 P 0
L 74.4728 8.1788 74.4728 8.4328 0 P 0
L 74.5744 72.771 74.5744 73.025 0 P 0
L 75.057 50.927 75.311 50.927 0 P 0
L 75.057 58.5978 75.311 58.5978 0 P 0
L 75.0824 13.7668 75.3364 13.7668 0 P 0
L 75.184 50.8 75.184 51.054 0 P 0
L 75.184 58.4708 75.184 58.7248 0 P 0
L 75.2094 13.6398 75.2094 13.8938 0 P 0
L 75.4634 73.533 75.7174 73.533 0 P 0
L 75.4888 60.7822 75.7428 60.7822 0 P 0
L 75.5904 73.406 75.5904 73.66 0 P 0
L 75.6158 60.6552 75.6158 60.9092 0 P 0
L 75.9206 114.5032 76.1746 114.5032 0 P 0
L 75.9588016 39.3954 77.5587984 39.3954 0 P 0
L 76.0476 114.3762 76.0476 114.6302 0 P 0
L 76.073 30.5308 76.327 30.5308 0 P 0
L 76.0984 68.5038 76.3524 68.5038 0 P 0
L 76.2 30.4038 76.2 30.6578 0 P 0
L 76.2254 68.3768 76.2254 68.6308 0 P 0
L 76.4286 19.6596 76.6826 19.6596 0 P 0
L 76.4286 20.5486 76.6826 20.5486 0 P 0
L 76.5556 19.5326 76.5556 19.7866 0 P 0
L 76.5556 20.4216 76.5556 20.6756 0 P 0
L 76.708 79.8576 76.962 79.8576 0 P 0
L 76.7588 38.5954016 76.7588 40.1953984 0 P 0
L 76.835 79.7306 76.835 79.9846 0 P 0
L 77.3176 19.6596 77.5716 19.6596 0 P 0
L 77.3176 20.5486 77.5716 20.5486 0 P 0
L 77.4192 8.3058 77.6732 8.3058 0 P 0
L 77.4446 19.5326 77.4446 19.7866 0 P 0
L 77.4446 20.4216 77.4446 20.6756 0 P 0
L 77.5462 8.1788 77.5462 8.4328 0 P 0
L 77.597 28.4734 77.851 28.4734 0 P 0
L 77.6224 82.0928 77.8764 82.0928 0 P 0
L 77.6986 52.8828 77.9526 52.8828 0 P 0
L 77.724 28.3464 77.724 28.6004 0 P 0
L 77.7494 81.9658 77.7494 82.2198 0 P 0
L 77.8256 52.7558 77.8256 53.0098 0 P 0
L 78.01356 13.77696 78.26756 13.77696 0 P 0
L 78.14056 13.64996 78.14056 13.90396 0 P 0
L 78.3844 52.4002 78.6384 52.4002 0 P 0
L 78.5114 52.2732 78.5114 52.5272 0 P 0
L 78.613 53.9242 78.867 53.9242 0 P 0
L 78.6638 123.9774 78.9178 123.9774 0 P 0
L 78.6638 124.9426 78.9178 124.9426 0 P 0
L 78.74 53.7972 78.74 54.0512 0 P 0
L 78.7908 123.8504 78.7908 124.1044 0 P 0
L 78.7908 124.8156 78.7908 125.0696 0 P 0
L 79.1718 73.8632 79.4258 73.8632 0 P 0
L 79.1972 55.5498 79.4512 55.5498 0 P 0
L 79.2988 73.7362 79.2988 73.9902 0 P 0
L 79.3242 55.4228 79.3242 55.6768 0 P 0
L 79.3532576 74.8320576 79.6072576 74.8320576 0 P 0
L 79.4512 49.403 79.7052 49.403 0 P 0
L 79.4802576 74.7050576 79.4802576 74.9590576 0 P 0
L 79.5274 13.7668 79.7814 13.7668 0 P 0
L 79.53539846 19.85480154 79.78939846 19.85480154 0 P 0
L 79.5782 49.276 79.5782 49.53 0 P 0
L 79.6544 13.6398 79.6544 13.8938 0 P 0
L 79.66239846 19.72780154 79.66239846 19.98180154 0 P 0
L 79.7052 29.1338 79.9592 29.1338 0 P 0
L 79.8322 29.0068 79.8322 29.2608 0 P 0
L 79.8322 55.9816 80.0862 55.9816 0 P 0
L 79.883 123.9774 80.137 123.9774 0 P 0
L 79.89146582 124.9426 80.14546582 124.9426 0 P 0
L 79.9592 55.8546 79.9592 56.1086 0 P 0
L 80.01 123.8504 80.01 124.1044 0 P 0
L 80.01846582 124.8156 80.01846582 125.0696 0 P 0
L 80.3402 66.1162 80.5942 66.1162 0 P 0
L 80.4140632 61.78598768 80.6680632 61.78598768 0 P 0
L 80.4418 5.2324 80.6958 5.2324 0 P 0
L 80.4672 65.9892 80.4672 66.2432 0 P 0
L 80.518 2.286 80.772 2.286 0 P 0
L 80.5410632 61.65898768 80.5410632 61.91298768 0 P 0
L 80.5688 5.1054 80.5688 5.3594 0 P 0
L 80.645 2.159 80.645 2.413 0 P 0
L 80.88376 16.93164 81.13776 16.93164 0 P 0
L 80.9752 13.7922 81.2292 13.7922 0 P 0
L 81.01076 16.80464 81.01076 17.05864 0 P 0
L 81.1022 13.6652 81.1022 13.9192 0 P 0
L 81.1022 123.9774 81.3562 123.9774 0 P 0
L 81.11913164 124.9426 81.37313164 124.9426 0 P 0
L 81.2292 123.8504 81.2292 124.1044 0 P 0
L 81.24613164 124.8156 81.24613164 125.0696 0 P 0
L 81.407 89.3826 81.661 89.3826 0 P 0
L 81.407 91.694 81.661 91.694 0 P 0
L 81.534 89.2556 81.534 89.5096 0 P 0
L 81.534 91.567 81.534 91.821 0 P 0
L 81.5594 50.8508 81.8134 50.8508 0 P 0
L 81.6864 50.7238 81.6864 50.9778 0 P 0
L 81.7372 86.9696 81.9912 86.9696 0 P 0
L 81.8642 27.7114 82.1182 27.7114 0 P 0
L 81.8642 86.8426 81.8642 87.0966 0 P 0
L 81.99081392 43.48201616 82.24481392 43.48201616 0 P 0
L 81.9912 27.5844 81.9912 27.8384 0 P 0
L 82.11781392 43.35501616 82.11781392 43.60901616 0 P 0
L 82.2198 42.291 82.4738 42.291 0 P 0
L 82.2198 88.8238 82.4738 88.8238 0 P 0
L 82.2198 89.97526582 82.4738 89.97526582 0 P 0
L 82.2198 91.12673164 82.4738 91.12673164 0 P 0
L 82.2198 92.27819746 82.4738 92.27819746 0 P 0
L 82.3214 85.1662 82.5754 85.1662 0 P 0
L 82.3214 123.9774 82.5754 123.9774 0 P 0
L 82.34679746 124.9426 82.60079746 124.9426 0 P 0
L 82.3468 42.164 82.3468 42.418 0 P 0
L 82.3468 88.6968 82.3468 88.9508 0 P 0
L 82.3468 89.84826582 82.3468 90.10226582 0 P 0
L 82.3468 90.99973164 82.3468 91.25373164 0 P 0
L 82.3468 92.15119746 82.3468 92.40519746 0 P 0
L 82.4484 85.0392 82.4484 85.2932 0 P 0
L 82.4484 123.8504 82.4484 124.1044 0 P 0
L 82.47379746 124.8156 82.47379746 125.0696 0 P 0
L 82.4738 72.009 82.7278 72.009 0 P 0
L 82.4738 73.025 82.7278 73.025 0 P 0
L 82.4992 105.5878 82.7532 105.5878 0 P 0
L 82.4992 106.807 82.7532 106.807 0 P 0
L 82.4992 108.0262 82.7532 108.0262 0 P 0
L 82.4992 109.2454 82.7532 109.2454 0 P 0
L 82.5246 63.8556 82.7786 63.8556 0 P 0
L 82.55 74.0664 82.804 74.0664 0 P 0
L 82.6008 71.882 82.6008 72.136 0 P 0
L 82.6008 72.898 82.6008 73.152 0 P 0
L 82.6262 105.4608 82.6262 105.7148 0 P 0
L 82.6262 106.68 82.6262 106.934 0 P 0
L 82.6262 107.8992 82.6262 108.1532 0 P 0
L 82.6262 109.1184 82.6262 109.3724 0 P 0
L 82.6516 63.7286 82.6516 63.9826 0 P 0
L 82.677 73.9394 82.677 74.1934 0 P 0
L 82.7786 116.4082 83.0326 116.4082 0 P 0
L 82.7786 117.6274 83.0326 117.6274 0 P 0
L 82.7786 118.8466 83.0326 118.8466 0 P 0
L 82.7786 120.0658 83.0326 120.0658 0 P 0
L 82.9056 21.0058 83.1596 21.0058 0 P 0
L 82.9056 116.2812 82.9056 116.5352 0 P 0
L 82.9056 117.5004 82.9056 117.7544 0 P 0
L 82.9056 118.7196 82.9056 118.9736 0 P 0
L 82.9056 119.9388 82.9056 120.1928 0 P 0
L 82.931 37.9222 83.185 37.9222 0 P 0
L 83.0326 20.8788 83.0326 21.1328 0 P 0
L 83.058 37.7952 83.058 38.0492 0 P 0
L 83.693 105.5878 83.947 105.5878 0 P 0
L 83.693 106.807 83.947 106.807 0 P 0
L 83.693 108.0262 83.947 108.0262 0 P 0
L 83.693 109.2454 83.947 109.2454 0 P 0
L 83.78874784 34.33634992 84.04274784 34.33634992 0 P 0
L 83.7946 22.3012 84.0486 22.3012 0 P 0
L 83.80000258 67.50000216 87.19999578 67.50000216 0 P 0
L 83.82 105.4608 83.82 105.7148 0 P 0
L 83.82 106.68 83.82 106.934 0 P 0
L 83.82 107.8992 83.82 108.1532 0 P 0
L 83.82 109.1184 83.82 109.3724 0 P 0
L 83.8336652 23.95740192 84.0876652 23.95740192 0 P 0
L 83.8708 35.56 84.1248 35.56 0 P 0
L 83.91574784 34.20934992 83.91574784 34.46334992 0 P 0
L 83.9216 22.1742 83.9216 22.4282 0 P 0
L 83.9606652 23.83040192 83.9606652 24.08440192 0 P 0
L 83.9724 95.4024 85.0392 95.4024 0 P 0
L 83.9724 116.4082 84.2264 116.4082 0 P 0
L 83.9724 117.6274 84.2264 117.6274 0 P 0
L 83.9724 118.8466 84.2264 118.8466 0 P 0
L 83.9724 120.0658 84.2264 120.0658 0 P 0
L 83.9978 35.433 83.9978 35.687 0 P 0
L 84.0994 116.2812 84.0994 116.5352 0 P 0
L 84.0994 117.5004 84.0994 117.7544 0 P 0
L 84.0994 118.7196 84.0994 118.9736 0 P 0
L 84.0994 119.9388 84.0994 120.1928 0 P 0
L 84.5058 94.869 84.5058 95.9358 0 P 0
L 84.54843136 99.01247152 84.80243136 99.01247152 0 P 0
L 84.67543136 98.88547152 84.67543136 99.13947152 0 P 0
L 84.9122 112.2934 85.1662 112.2934 0 P 0
L 85.0392 112.1664 85.0392 112.4204 0 P 0
L 85.344 17.5768 85.598 17.5768 0 P 0
L 85.43030158 93.17239938 87.08130158 93.17239938 0 P 0
L 85.471 17.4498 85.471 17.7038 0 P 0
L 85.49999918 65.80000556 85.49999918 69.19999876 0 P 0
L 85.9282 16.256 86.1822 16.256 0 P 0
L 86.0552 16.129 86.0552 16.383 0 P 0
L 86.25580158 92.34689938 86.25580158 93.99789938 0 P 0
L 86.868 110.109 87.122 110.109 0 P 0
L 86.995 109.982 86.995 110.236 0 P 0
L 87.47240316 95.4024 88.53920316 95.4024 0 P 0
L 87.71819896 108.21599896 87.97219896 108.21599896 0 P 0
L 87.7824 106.7816 88.0364 106.7816 0 P 0
L 87.7824 109.7026 88.0364 109.7026 0 P 0
L 87.84519896 108.08899896 87.84519896 108.34299896 0 P 0
L 87.9094 106.6546 87.9094 106.9086 0 P 0
L 87.9094 109.5756 87.9094 109.8296 0 P 0
L 88.00580316 94.869 88.00580316 95.9358 0 P 0
L 88.1634 9.6012 88.4174 9.6012 0 P 0
L 88.2904 9.4742 88.2904 9.7282 0 P 0
L 88.646 111.1758 88.9 111.1758 0 P 0
L 88.646 115.6462 88.9 115.6462 0 P 0
L 88.773 111.0488 88.773 111.3028 0 P 0
L 88.773 115.5192 88.773 115.7732 0 P 0
L 89.9668 9.61450706 90.2208 9.61450706 0 P 0
L 90.05029996 128.26379986 91.29489996 128.26379986 0 P 0
L 90.0938 9.48750706 90.0938 9.74150706 0 P 0
L 90.1446 119.1514 90.3986 119.1514 0 P 0
L 90.2716 119.0244 90.2716 119.2784 0 P 0
L 90.551 20.32 90.805 20.32 0 P 0
L 90.67259996 127.64149986 90.67259996 128.88609986 0 P 0
L 90.678 20.193 90.678 20.447 0 P 0
L 90.7796 6.8834 91.0336 6.8834 0 P 0
L 90.81889888 29.6672 91.07289888 29.6672 0 P 0
L 90.9066 6.7564 90.9066 7.0104 0 P 0
L 90.94589888 29.5402 90.94589888 29.7942 0 P 0
L 91.2495 126.9238 92.5957 126.9238 0 P 0
L 91.4146 104.902 91.6686 104.902 0 P 0
L 91.5416 104.775 91.5416 105.029 0 P 0
L 91.9226 126.2507 91.9226 127.5969 0 P 0
L 92.03619896 111.16239896 92.29019896 111.16239896 0 P 0
L 92.16319896 111.03539896 92.16319896 111.28939896 0 P 0
L 92.29160104 114.10879896 92.54560104 114.10879896 0 P 0
L 92.41860104 113.98179896 92.41860104 114.23579896 0 P 0
L 92.55030004 128.26379986 93.79490004 128.26379986 0 P 0
L 92.8624 21.3106 93.1164 21.3106 0 P 0
L 92.8878 104.902 93.1418 104.902 0 P 0
L 92.9132 15.2908 93.1672 15.2908 0 P 0
L 92.9132 30.0482 93.1672 30.0482 0 P 0
L 92.9386 18.2118 93.1926 18.2118 0 P 0
L 92.9894 21.1836 92.9894 21.4376 0 P 0
L 93.0148 104.775 93.0148 105.029 0 P 0
L 93.0402 15.1638 93.0402 15.4178 0 P 0
L 93.0402 28.7782 93.2942 28.7782 0 P 0
L 93.0402 29.9212 93.0402 30.1752 0 P 0
L 93.0656 18.0848 93.0656 18.3388 0 P 0
L 93.0656 40.9702 93.3196 40.9702 0 P 0
L 93.1418 10.5156 93.3958 10.5156 0 P 0
L 93.1672 28.6512 93.1672 28.9052 0 P 0
L 93.17260004 127.64149986 93.17260004 128.88609986 0 P 0
L 93.1926 40.8432 93.1926 41.0972 0 P 0
L 93.2688 10.3886 93.2688 10.6426 0 P 0
L 93.2688 113.9444 93.5228 113.9444 0 P 0
L 93.3958 113.8174 93.3958 114.0714 0 P 0
L 93.7514 30.8102 94.0054 30.8102 0 P 0
L 93.8784 30.6832 93.8784 30.9372 0 P 0
L 93.8784 99.7712 94.1324 99.7712 0 P 0
L 94.0054 99.6442 94.0054 99.8982 0 P 0
L 94.04096 95.4024 95.10776 95.4024 0 P 0
L 94.107 32.8168 94.361 32.8168 0 P 0
L 94.234 32.6898 94.234 32.9438 0 P 0
L 94.361 104.902 94.615 104.902 0 P 0
L 94.4626 30.2514 94.7166 30.2514 0 P 0
L 94.4626 31.3436 94.7166 31.3436 0 P 0
L 94.488 104.775 94.488 105.029 0 P 0
L 94.57436 94.869 94.57436 95.9358 0 P 0
L 94.5896 30.1244 94.5896 30.3784 0 P 0
L 94.5896 31.2166 94.5896 31.4706 0 P 0
L 94.6532016 39.5732 96.2531984 39.5732 0 P 0
L 95.2246 116.2558 95.4786 116.2558 0 P 0
L 95.3516 116.1288 95.3516 116.3828 0 P 0
L 95.4532 38.7732016 95.4532 40.3731984 0 P 0
L 95.49886158 93.17239938 97.14986158 93.17239938 0 P 0
L 95.8088 111.4044 96.0628 111.4044 0 P 0
L 95.8088 112.25106582 96.0628 112.25106582 0 P 0
L 95.8088 113.09773164 96.0628 113.09773164 0 P 0
L 95.8088 113.94439746 96.0628 113.94439746 0 P 0
L 95.8342 104.902 96.0882 104.902 0 P 0
L 95.9358 111.2774 95.9358 111.5314 0 P 0
L 95.9358 112.12406582 95.9358 112.37806582 0 P 0
L 95.9358 112.97073164 95.9358 113.22473164 0 P 0
L 95.9358 113.81739746 95.9358 114.07139746 0 P 0
L 95.9612 104.775 95.9612 105.029 0 P 0
L 96.32436158 92.34689938 96.32436158 93.99789938 0 P 0
L 96.68086582 111.4552 96.93486582 111.4552 0 P 0
L 96.68086582 112.28493164 96.93486582 112.28493164 0 P 0
L 96.68086582 113.11466328 96.93486582 113.11466328 0 P 0
L 96.68086582 113.94439492 96.93486582 113.94439492 0 P 0
L 96.80786582 111.3282 96.80786582 111.5822 0 P 0
L 96.80786582 112.15793164 96.80786582 112.41193164 0 P 0
L 96.80786582 112.98766328 96.80786582 113.24166328 0 P 0
L 96.80786582 113.81739492 96.80786582 114.07139492 0 P 0
L 96.88759896 115.9002 97.14159896 115.9002 0 P 0
L 96.9772 22.3012 97.2312 22.3012 0 P 0
L 96.9772 29.2862 97.2312 29.2862 0 P 0
L 97.01459896 115.7732 97.01459896 116.0272 0 P 0
L 97.028 28.2956 97.282 28.2956 0 P 0
L 97.05330094 18.7961016 97.30730094 18.7961016 0 P 0
L 97.0788 25.2984 97.3328 25.2984 0 P 0
L 97.1042 22.1742 97.1042 22.4282 0 P 0
L 97.1042 29.1592 97.1042 29.4132 0 P 0
L 97.155 28.1686 97.155 28.4226 0 P 0
L 97.155 40.1574 97.409 40.1574 0 P 0
L 97.18030094 18.6691016 97.18030094 18.9231016 0 P 0
L 97.2058 25.1714 97.2058 25.4254 0 P 0
L 97.282 40.0304 97.282 40.2844 0 P 0
L 97.3328 104.902 97.5868 104.902 0 P 0
L 97.4598 104.775 97.4598 105.029 0 P 0
L 97.54096316 95.4024 98.60776316 95.4024 0 P 0
L 97.55293164 111.4044 97.80693164 111.4044 0 P 0
L 97.55293164 112.25106582 97.80693164 112.25106582 0 P 0
L 97.55293164 113.09773164 97.80693164 113.09773164 0 P 0
L 97.55293164 113.94439746 97.80693164 113.94439746 0 P 0
L 97.5868 8.8392 97.8408 8.8392 0 P 0
L 97.5868 12.5222 97.8408 12.5222 0 P 0
L 97.67993164 111.2774 97.67993164 111.5314 0 P 0
L 97.67993164 112.12406582 97.67993164 112.37806582 0 P 0
L 97.67993164 112.97073164 97.67993164 113.22473164 0 P 0
L 97.67993164 113.81739746 97.67993164 114.07139746 0 P 0
L 97.7138 8.7122 97.7138 8.9662 0 P 0
L 97.7138 12.3952 97.7138 12.6492 0 P 0
L 98.07436316 94.869 98.07436316 95.9358 0 P 0
L 98.42499746 111.4044 98.67899746 111.4044 0 P 0
L 98.42499746 112.25106582 98.67899746 112.25106582 0 P 0
L 98.42499746 113.09773164 98.67899746 113.09773164 0 P 0
L 98.42499746 113.94439746 98.67899746 113.94439746 0 P 0
L 98.55199746 111.2774 98.55199746 111.5314 0 P 0
L 98.55199746 112.12406582 98.55199746 112.37806582 0 P 0
L 98.55199746 112.97073164 98.55199746 113.22473164 0 P 0
L 98.55199746 113.81739746 98.55199746 114.07139746 0 P 0
L 98.58939896 12.20540104 98.84339896 12.20540104 0 P 0
L 98.6028 15.0114 98.8568 15.0114 0 P 0
L 98.71639896 12.07840104 98.71639896 12.33240104 0 P 0
L 98.7298 14.8844 98.7298 15.1384 0 P 0
L 98.7806 104.902 99.0346 104.902 0 P 0
L 98.9076 104.775 98.9076 105.029 0 P 0
L 99.0092 121.9454 99.2632 121.9454 0 P 0
L 99.1362 121.8184 99.1362 122.0724 0 P 0
L 99.3394 116.5352 99.5934 116.5352 0 P 0
L 99.441 33.7566 99.695 33.7566 0 P 0
L 99.4664 116.4082 99.4664 116.6622 0 P 0
L 99.568 33.6296 99.568 33.8836 0 P 0
L 99.5934 11.5316 99.8474 11.5316 0 P 0
L 99.7204 11.4046 99.7204 11.6586 0 P 0
L 100.1579404 34.54833832 100.4119404 34.54833832 0 P 0
L 100.24899686 104.902 100.50299686 104.902 0 P 0
L 100.2849404 34.42133832 100.2849404 34.67533832 0 P 0
L 100.33 113.919 100.584 113.919 0 P 0
L 100.37599686 104.775 100.37599686 105.029 0 P 0
L 100.457 113.792 100.457 114.046 0 P 0
L 100.52899884 112.9243995 100.78299884 112.9243995 0 P 0
L 100.65599884 112.7973995 100.65599884 113.0513995 0 P 0
L 100.8126 37.1348 101.0666 37.1348 0 P 0
L 100.9396 37.0078 100.9396 37.2618 0 P 0
L 101.46149888 6.38929888 101.71549888 6.38929888 0 P 0
L 101.473 14.478 101.727 14.478 0 P 0
L 101.4984 7.8994 101.7524 7.8994 0 P 0
L 101.4984 13.7668 101.7524 13.7668 0 P 0
L 101.58849888 6.26229888 101.58849888 6.51629888 0 P 0
L 101.6 14.351 101.6 14.605 0 P 0
L 101.6254 7.7724 101.6254 8.0264 0 P 0
L 101.6254 13.6398 101.6254 13.8938 0 P 0
L 102.039801 2.2098 103.039799 2.2098 0 P 0
L 102.362 11.811 102.616 11.811 0 P 0
L 102.489 11.684 102.489 11.938 0 P 0
L 102.5398 1.709801 102.5398 2.709799 0 P 0
L 102.5652 40.259 102.8192 40.259 0 P 0
L 102.616 4.2926 102.87 4.2926 0 P 0
L 102.6922 40.132 102.6922 40.386 0 P 0
L 102.7176 16.9926 102.9716 16.9926 0 P 0
L 102.743 4.1656 102.743 4.4196 0 P 0
L 102.8446 16.8656 102.8446 17.1196 0 P 0
L 103.0732 116.8908 103.3272 116.8908 0 P 0
L 103.124 12.14967344 103.378 12.14967344 0 P 0
L 103.13129996 128.26379986 104.37589996 128.26379986 0 P 0
L 103.2002 116.7638 103.2002 117.0178 0 P 0
L 103.251 12.02267344 103.251 12.27667344 0 P 0
L 103.55460112 39.92760112 103.80860112 39.92760112 0 P 0
L 103.6066 9.3726 103.8606 9.3726 0 P 0
L 103.68160112 39.80060112 103.68160112 40.05460112 0 P 0
L 103.7336 9.2456 103.7336 9.4996 0 P 0
L 103.75359996 127.64149986 103.75359996 128.88609986 0 P 0
L 103.759 11.5824 104.013 11.5824 0 P 0
L 103.886 11.4554 103.886 11.7094 0 P 0
L 103.9114 112.9538 104.1654 112.9538 0 P 0
L 104.0384 112.8268 104.0384 113.0808 0 P 0
L 104.10952 95.4024 105.17632 95.4024 0 P 0
L 104.2162 31.2928 104.4702 31.2928 0 P 0
L 104.3305 126.9238 105.6767 126.9238 0 P 0
L 104.3432 31.1658 104.3432 31.4198 0 P 0
L 104.56561764 11.60509744 104.81961764 11.60509744 0 P 0
L 104.579801 2.2098 105.579799 2.2098 0 P 0
L 104.64292 94.869 104.64292 95.9358 0 P 0
L 104.69261764 11.47809744 104.69261764 11.73209744 0 P 0
L 104.9528 32.512 105.2068 32.512 0 P 0
L 104.9782 100.6602 105.2322 100.6602 0 P 0
L 105.0036 126.2507 105.0036 127.5969 0 P 0
L 105.0798 1.709801 105.0798 2.709799 0 P 0
L 105.0798 32.385 105.0798 32.639 0 P 0
L 105.1052 9.3472 105.3592 9.3472 0 P 0
L 105.1052 100.5332 105.1052 100.7872 0 P 0
L 105.156 5.4102 105.41 5.4102 0 P 0
L 105.2322 9.2202 105.2322 9.4742 0 P 0
L 105.283 5.2832 105.283 5.5372 0 P 0
L 105.56742158 93.17239938 107.21842158 93.17239938 0 P 0
L 105.5878 12.0396 105.8418 12.0396 0 P 0
L 105.5878 34.3408 105.8418 34.3408 0 P 0
L 105.63130004 128.26379986 106.87590004 128.26379986 0 P 0
L 105.6386 105.0798 105.8926 105.0798 0 P 0
L 105.6386 108.204 105.8926 108.204 0 P 0
L 105.6386 109.728 105.8926 109.728 0 P 0
L 105.7148 11.9126 105.7148 12.1666 0 P 0
L 105.7148 34.2138 105.7148 34.4678 0 P 0
L 105.7656 104.9528 105.7656 105.2068 0 P 0
L 105.7656 108.077 105.7656 108.331 0 P 0
L 105.7656 109.601 105.7656 109.855 0 P 0
L 105.8418 100.6094 106.0958 100.6094 0 P 0
L 105.9688 100.4824 105.9688 100.7364 0 P 0
L 106.0196 7.493 106.2736 7.493 0 P 0
L 106.1466 7.366 106.1466 7.62 0 P 0
L 106.25360004 127.64149986 106.25360004 128.88609986 0 P 0
L 106.39292158 92.34689938 106.39292158 93.99789938 0 P 0
L 106.6038 11.557 106.8578 11.557 0 P 0
L 106.6038 34.4932 106.8578 34.4932 0 P 0
L 106.7308 11.43 106.7308 11.684 0 P 0
L 106.7308 34.3662 106.7308 34.6202 0 P 0
L 107.0864 37.084 107.3404 37.084 0 P 0
L 107.2134 36.957 107.2134 37.211 0 P 0
L 107.5944 38.5318 107.8484 38.5318 0 P 0
L 107.60952316 95.4024 108.67632316 95.4024 0 P 0
L 107.7214 38.4048 107.7214 38.6588 0 P 0
L 108.0516 37.0332 108.3056 37.0332 0 P 0
L 108.13130012 128.26379986 109.37590012 128.26379986 0 P 0
L 108.14292316 94.869 108.14292316 95.9358 0 P 0
L 108.1786 36.9062 108.1786 37.1602 0 P 0
L 108.4072 5.3086 108.6612 5.3086 0 P 0
L 108.5342 5.1816 108.5342 5.4356 0 P 0
L 108.6382003 105.1076003 108.8922003 105.1076003 0 P 0
L 108.75360012 127.64149986 108.75360012 128.88609986 0 P 0
L 108.7652003 104.9806003 108.7652003 105.2346003 0 P 0
L 108.8898 34.2646 109.1438 34.2646 0 P 0
L 108.95146612 106.66546612 109.20546612 106.66546612 0 P 0
L 108.9914 107.4166 109.2454 107.4166 0 P 0
L 108.9914 108.1532 109.2454 108.1532 0 P 0
L 108.9914 109.22 109.2454 109.22 0 P 0
L 109.0168 34.1376 109.0168 34.3916 0 P 0
L 109.07846612 106.53846612 109.07846612 106.79246612 0 P 0
L 109.1184 107.2896 109.1184 107.5436 0 P 0
L 109.1184 108.0262 109.1184 108.2802 0 P 0
L 109.1184 109.093 109.1184 109.347 0 P 0
L 109.84589918 112.74149918 110.09989918 112.74149918 0 P 0
L 109.9312 114.2492 110.1852 114.2492 0 P 0
L 109.97289918 112.61449918 109.97289918 112.86849918 0 P 0
L 110.0582 114.1222 110.0582 114.3762 0 P 0
L 110.0836 39.878 110.3376 39.878 0 P 0
L 110.2106 39.751 110.2106 40.005 0 P 0
L 110.5916 11.6078 110.8456 11.6078 0 P 0
L 110.7186 11.4808 110.7186 11.7348 0 P 0
L 112.15699946 110.1033993 112.41099946 110.1033993 0 P 0
L 112.1664 106.4514 112.4204 106.4514 0 P 0
L 112.1664 107.35733164 112.4204 107.35733164 0 P 0
L 112.1664 108.26326328 112.4204 108.26326328 0 P 0
L 112.1664 109.16919492 112.4204 109.16919492 0 P 0
L 112.268 5.0038 112.522 5.0038 0 P 0
L 112.28399946 109.9763993 112.28399946 110.2303993 0 P 0
L 112.2934 106.3244 112.2934 106.5784 0 P 0
L 112.2934 107.23033164 112.2934 107.48433164 0 P 0
L 112.2934 108.13626328 112.2934 108.39026328 0 P 0
L 112.2934 109.04219492 112.2934 109.29619492 0 P 0
L 112.395 4.8768 112.395 5.1308 0 P 0
L 113.0935 106.426 113.3475 106.426 0 P 0
L 113.0935 107.3404 113.3475 107.3404 0 P 0
L 113.0935 108.2548 113.3475 108.2548 0 P 0
L 113.0935 109.1692 113.3475 109.1692 0 P 0
L 113.09449822 110.1033993 113.34849822 110.1033993 0 P 0
L 113.2205 106.299 113.2205 106.553 0 P 0
L 113.2205 107.2134 113.2205 107.4674 0 P 0
L 113.2205 108.1278 113.2205 108.3818 0 P 0
L 113.2205 109.0422 113.2205 109.2962 0 P 0
L 113.22149822 109.9763993 113.22149822 110.2303993 0 P 0
L 113.7412 5.0038 113.9952 5.0038 0 P 0
L 113.8682 4.8768 113.8682 5.1308 0 P 0
L 114.0206 106.426 114.2746 106.426 0 P 0
L 114.0206 107.3404 114.2746 107.3404 0 P 0
L 114.0206 108.2548 114.2746 108.2548 0 P 0
L 114.0206 109.1692 114.2746 109.1692 0 P 0
L 114.03199698 110.1033993 114.28599698 110.1033993 0 P 0
L 114.1476 106.299 114.1476 106.553 0 P 0
L 114.1476 107.2134 114.1476 107.4674 0 P 0
L 114.1476 108.1278 114.1476 108.3818 0 P 0
L 114.1476 109.0422 114.1476 109.2962 0 P 0
L 114.15899698 109.9763993 114.15899698 110.2303993 0 P 0
L 114.17808 95.4024 115.24488 95.4024 0 P 0
L 114.71148 94.869 114.71148 95.9358 0 P 0
L 115.2144 18.1356 115.4684 18.1356 0 P 0
L 115.3414 18.0086 115.3414 18.2626 0 P 0
L 115.63598158 93.17239938 117.28698158 93.17239938 0 P 0
L 115.8748 11.5824 116.1288 11.5824 0 P 0
L 116.0018 11.4554 116.0018 11.7094 0 P 0
L 116.3828 8.0772 116.6368 8.0772 0 P 0
L 116.46148158 92.34689938 116.46148158 93.99789938 0 P 0
L 116.5098 7.9502 116.5098 8.2042 0 P 0
L 116.586 11.8364 116.84 11.8364 0 P 0
L 116.713 11.7094 116.713 11.9634 0 P 0
L 116.713 107.696 116.967 107.696 0 P 0
L 116.7638 16.4846 117.0178 16.4846 0 P 0
L 116.84 107.569 116.84 107.823 0 P 0
L 116.8908 16.3576 116.8908 16.6116 0 P 0
L 117.348 108.8898 117.602 108.8898 0 P 0
L 117.3734 5.1054 117.6274 5.1054 0 P 0
L 117.4242 16.9672 117.6782 16.9672 0 P 0
L 117.475 108.7628 117.475 109.0168 0 P 0
L 117.5004 4.9784 117.5004 5.2324 0 P 0
L 117.5512 16.8402 117.5512 17.0942 0 P 0
L 117.67808316 95.4024 118.74488316 95.4024 0 P 0
L 117.7036 106.3498 117.9576 106.3498 0 P 0
L 117.8306 106.2228 117.8306 106.4768 0 P 0
L 118.21148316 94.869 118.21148316 95.9358 0 P 0
L 118.22644122 38.2049401 118.48044122 38.2049401 0 P 0
L 118.35344122 38.0779401 118.35344122 38.3319401 0 P 0
L 118.3894 8.4074 118.6434 8.4074 0 P 0
L 118.4656 40.0304 118.7196 40.0304 0 P 0
L 118.5164 8.2804 118.5164 8.5344 0 P 0
L 118.5360977 108.72709776 118.7900977 108.72709776 0 P 0
L 118.5926 39.9034 118.5926 40.1574 0 P 0
L 118.6630977 108.60009776 118.6630977 108.85409776 0 P 0
L 118.6688 11.7856 118.9228 11.7856 0 P 0
L 118.7958 11.6586 118.7958 11.9126 0 P 0
L 119.08039938 127.127 120.14719938 127.127 0 P 0
L 119.6086 10.3886 119.8626 10.3886 0 P 0
L 119.6086 30.8356 119.8626 30.8356 0 P 0
L 119.61379938 126.5936 119.61379938 127.6604 0 P 0
L 119.6594 35.7632 119.9134 35.7632 0 P 0
L 119.7356 10.2616 119.7356 10.5156 0 P 0
L 119.7356 13.5128 119.9896 13.5128 0 P 0
L 119.7356 30.7086 119.7356 30.9626 0 P 0
L 119.761 20.2946 120.015 20.2946 0 P 0
L 119.7864 23.7744 120.0404 23.7744 0 P 0
L 119.7864 35.6362 119.7864 35.8902 0 P 0
L 119.8626 13.3858 119.8626 13.6398 0 P 0
L 119.888 20.1676 119.888 20.4216 0 P 0
L 119.9134 23.6474 119.9134 23.9014 0 P 0
L 120.2182 2.8956 120.4722 2.8956 0 P 0
L 120.2182 6.7564 120.4722 6.7564 0 P 0
L 120.3452 2.7686 120.3452 3.0226 0 P 0
L 120.3452 6.6294 120.3452 6.8834 0 P 0
L 120.6754 111.125 120.9294 111.125 0 P 0
L 120.7516 106.3752 121.0056 106.3752 0 P 0
L 120.8024 110.998 120.8024 111.252 0 P 0
L 120.8786 106.2482 120.8786 106.5022 0 P 0
L 120.9802 34.2392 121.2342 34.2392 0 P 0
L 121.1072 34.1122 121.1072 34.3662 0 P 0
L 122.06761464 14.36079424 122.32161464 14.36079424 0 P 0
L 122.08999966 19.29619966 122.34399966 19.29619966 0 P 0
L 122.0978 28.2956 122.3518 28.2956 0 P 0
L 122.19461464 14.23379424 122.19461464 14.48779424 0 P 0
L 122.21699966 19.16919966 122.21699966 19.42319966 0 P 0
L 122.2248 24.13 122.4788 24.13 0 P 0
L 122.2248 28.1686 122.2248 28.4226 0 P 0
L 122.2502 2.8448 122.5042 2.8448 0 P 0
L 122.2502 18.1864 122.5042 18.1864 0 P 0
L 122.25034478 13.69978464 122.50434478 13.69978464 0 P 0
L 122.3518 24.003 122.3518 24.257 0 P 0
L 122.3772 2.7178 122.3772 2.9718 0 P 0
L 122.3772 18.0594 122.3772 18.3134 0 P 0
L 122.37734478 13.57278464 122.37734478 13.82678464 0 P 0
L 122.5804 127.127 123.6472 127.127 0 P 0
L 122.7328 32.0294 122.9868 32.0294 0 P 0
L 122.8598 31.9024 122.8598 32.1564 0 P 0
L 123.1138 126.5936 123.1138 127.6604 0 P 0
L 123.7996 106.8832 124.0536 106.8832 0 P 0
L 123.9012 108.458 124.1552 108.458 0 P 0
L 123.9266 106.7562 123.9266 107.0102 0 P 0
L 123.9774 105.41 124.2314 105.41 0 P 0
L 124.0282 108.331 124.0282 108.585 0 P 0
L 124.03829904 129.35700062 125.68929904 129.35700062 0 P 0
L 124.1044 105.283 124.1044 105.537 0 P 0
L 124.24664 95.4024 125.31344 95.4024 0 P 0
L 124.78004 94.869 124.78004 95.9358 0 P 0
L 124.86379904 128.53150062 124.86379904 130.18250062 0 P 0
L 125.70454158 93.17239938 127.35554158 93.17239938 0 P 0
L 126.0348 8.9154 126.2888 8.9154 0 P 0
L 126.08040062 127.127 127.14720062 127.127 0 P 0
L 126.1364 13.4874 126.3904 13.4874 0 P 0
L 126.1618 8.7884 126.1618 9.0424 0 P 0
L 126.2634 13.3604 126.2634 13.6144 0 P 0
L 126.28640224 7.41919776 126.54040224 7.41919776 0 P 0
L 126.41340224 7.29219776 126.41340224 7.54619776 0 P 0
L 126.53004158 92.34689938 126.53004158 93.99789938 0 P 0
L 126.61380062 126.5936 126.61380062 127.6604 0 P 0
L 127 107.7722 127.254 107.7722 0 P 0
L 127.06390132 109.53709868 127.31790132 109.53709868 0 P 0
L 127.127 107.6452 127.127 107.8992 0 P 0
L 127.1778 105.41 127.4318 105.41 0 P 0
L 127.19090132 109.41009868 127.19090132 109.66409868 0 P 0
L 127.24249888 8.3752944 127.49649888 8.3752944 0 P 0
L 127.254 19.3802 127.508 19.3802 0 P 0
L 127.254 108.4072 127.508 108.4072 0 P 0
L 127.2794 16.7386 127.5334 16.7386 0 P 0
L 127.2794 17.907 127.5334 17.907 0 P 0
L 127.2794 20.8788 127.5334 20.8788 0 P 0
L 127.2794 22.3266 127.5334 22.3266 0 P 0
L 127.2794 26.7462 127.5334 26.7462 0 P 0
L 127.3048 23.7998 127.5588 23.7998 0 P 0
L 127.3048 105.283 127.3048 105.537 0 P 0
L 127.3302 25.2476 127.5842 25.2476 0 P 0
L 127.36949888 8.2482944 127.36949888 8.5022944 0 P 0
L 127.381 19.2532 127.381 19.5072 0 P 0
L 127.381 106.9086 127.635 106.9086 0 P 0
L 127.381 108.2802 127.381 108.5342 0 P 0
L 127.4064 16.6116 127.4064 16.8656 0 P 0
L 127.4064 17.78 127.4064 18.034 0 P 0
L 127.4064 20.7518 127.4064 21.0058 0 P 0
L 127.4064 22.1996 127.4064 22.4536 0 P 0
L 127.4064 26.6192 127.4064 26.8732 0 P 0
L 127.4318 23.6728 127.4318 23.9268 0 P 0
L 127.4572 25.1206 127.4572 25.3746 0 P 0
L 127.508 106.7816 127.508 107.0356 0 P 0
L 127.74664316 95.4024 128.81344316 95.4024 0 P 0
L 128.28004316 94.869 128.28004316 95.9358 0 P 0
L 128.651 37.4142 128.905 37.4142 0 P 0
L 128.6764 112.0648 128.9304 112.0648 0 P 0
L 128.778 37.2872 128.778 37.5412 0 P 0
L 128.8034 111.9378 128.8034 112.1918 0 P 0
L 128.9304 115.0366 129.1844 115.0366 0 P 0
L 129.032 38.227 129.286 38.227 0 P 0
L 129.0574 114.9096 129.0574 115.1636 0 P 0
L 129.159 38.1 129.159 38.354 0 P 0
L 129.4384 10.0838 129.6924 10.0838 0 P 0
L 129.5654 9.9568 129.5654 10.2108 0 P 0
L 129.7814016 33.6804 131.3813984 33.6804 0 P 0
L 129.8068016 30.1752 131.4067984 30.1752 0 P 0
L 129.8702 42.6466 130.1242 42.6466 0 P 0
L 129.8956 39.4208 130.1496 39.4208 0 P 0
L 129.8956 40.4876 130.1496 40.4876 0 P 0
L 129.8956 41.5544 130.1496 41.5544 0 P 0
L 129.9464 38.5318 130.2004 38.5318 0 P 0
L 129.9972 42.5196 129.9972 42.7736 0 P 0
L 130.0226 39.2938 130.0226 39.5478 0 P 0
L 130.0226 40.3606 130.0226 40.6146 0 P 0
L 130.0226 41.4274 130.0226 41.6814 0 P 0
L 130.0734 38.4048 130.0734 38.6588 0 P 0
L 130.23419978 110.202599 130.48819978 110.202599 0 P 0
L 130.24360032 106.5505997 130.49760032 106.5505997 0 P 0
L 130.24360032 107.45653134 130.49760032 107.45653134 0 P 0
L 130.24360032 108.36246298 130.49760032 108.36246298 0 P 0
L 130.24360032 109.26839462 130.49760032 109.26839462 0 P 0
L 130.36119978 110.075599 130.36119978 110.329599 0 P 0
L 130.37060032 106.4235997 130.37060032 106.6775997 0 P 0
L 130.37060032 107.32953134 130.37060032 107.58353134 0 P 0
L 130.37060032 108.23546298 130.37060032 108.48946298 0 P 0
L 130.37060032 109.14139462 130.37060032 109.39539462 0 P 0
L 130.5814 32.8804016 130.5814 34.4803984 0 P 0
L 130.6068 29.3752016 130.6068 30.9751984 0 P 0
L 131.17070032 106.5251997 131.42470032 106.5251997 0 P 0
L 131.17070032 107.4395997 131.42470032 107.4395997 0 P 0
L 131.17070032 108.3539997 131.42470032 108.3539997 0 P 0
L 131.17070032 109.2683997 131.42470032 109.2683997 0 P 0
L 131.17169854 110.202599 131.42569854 110.202599 0 P 0
L 131.191 16.0782 131.445 16.0782 0 P 0
L 131.29770032 106.3981997 131.29770032 106.6521997 0 P 0
L 131.29770032 107.3125997 131.29770032 107.5665997 0 P 0
L 131.29770032 108.2269997 131.29770032 108.4809997 0 P 0
L 131.29770032 109.1413997 131.29770032 109.3953997 0 P 0
L 131.29869854 110.075599 131.29869854 110.329599 0 P 0
L 131.318 15.9512 131.318 16.2052 0 P 0
L 131.6228 22.1996 131.8768 22.1996 0 P 0
L 131.7498 22.0726 131.7498 22.3266 0 P 0
L 132.09780032 106.5251997 132.35180032 106.5251997 0 P 0
L 132.09780032 107.4395997 132.35180032 107.4395997 0 P 0
L 132.09780032 108.3539997 132.35180032 108.3539997 0 P 0
L 132.09780032 109.2683997 132.35180032 109.2683997 0 P 0
L 132.1091973 110.202599 132.3631973 110.202599 0 P 0
L 132.22480032 106.3981997 132.22480032 106.6521997 0 P 0
L 132.22480032 107.3125997 132.22480032 107.5665997 0 P 0
L 132.22480032 108.2269997 132.22480032 108.4809997 0 P 0
L 132.22480032 109.1413997 132.22480032 109.3953997 0 P 0
L 132.2361973 110.075599 132.2361973 110.329599 0 P 0
L 133.3246 39.751 133.5786 39.751 0 P 0
L 133.35 38.735 133.604 38.735 0 P 0
L 133.4516 39.624 133.4516 39.878 0 P 0
L 133.477 38.608 133.477 38.862 0 P 0
L 133.7056 115.0874 133.9596 115.0874 0 P 0
L 133.8326 114.9604 133.8326 115.2144 0 P 0
L 134.1628 37.4142 134.4168 37.4142 0 P 0
L 134.2898 37.2872 134.2898 37.5412 0 P 0
L 134.3152 95.4024 135.382 95.4024 0 P 0
L 134.73660124 26.65960124 134.99060124 26.65960124 0 P 0
L 134.8486 94.869 134.8486 95.9358 0 P 0
L 134.86360124 26.53260124 134.86360124 26.78660124 0 P 0
L 135.0772 107.7468 135.3312 107.7468 0 P 0
L 135.2042 107.6198 135.2042 107.8738 0 P 0
L 135.30000372 6.0000007 138.69999692 6.0000007 0 P 0
L 135.30000372 129.00000108 138.69999692 129.00000108 0 P 0
L 135.77310158 93.17239938 137.42410158 93.17239938 0 P 0
L 135.8138 105.3846 136.0678 105.3846 0 P 0
L 135.87286008 36.08439824 136.12686008 36.08439824 0 P 0
L 135.90229868 109.51169868 136.15629868 109.51169868 0 P 0
L 135.9408 105.2576 135.9408 105.5116 0 P 0
L 135.99986008 35.95739824 135.99986008 36.21139824 0 P 0
L 136.02929868 109.38469868 136.02929868 109.63869868 0 P 0
L 136.59860158 92.34689938 136.59860158 93.99789938 0 P 0
L 136.74209888 107.6706 136.99609888 107.6706 0 P 0
L 136.86909888 107.5436 136.86909888 107.7976 0 P 0
L 136.8806 32.5374 137.1346 32.5374 0 P 0
L 137.00000032 4.3000041 137.00000032 7.6999973 0 P 0
L 137.00000032 127.30000448 137.00000032 130.69999768 0 P 0
L 137.0076 32.4104 137.0076 32.6644 0 P 0
L 137.7188 30.5816 137.9728 30.5816 0 P 0
L 137.81520316 95.4024 138.88200316 95.4024 0 P 0
L 137.8458 30.4546 137.8458 30.7086 0 P 0
L 138.34860316 94.869 138.34860316 95.9358 0 P 0
L 138.43 34.2646 138.684 34.2646 0 P 0
L 138.557 34.1376 138.557 34.3916 0 P 0
L 138.9888 109.9566 139.2428 109.9566 0 P 0
L 139.0142 105.3846 139.2682 105.3846 0 P 0
L 139.1158 109.8296 139.1158 110.0836 0 P 0
L 139.1412 105.2576 139.1412 105.5116 0 P 0
