UNITS=MM
#Layer_Color=9474304
#
#Feature symbol names
#
$0 r169.33164
$1 r101.6
$2 r127

#
#Feature attribute names
#

#
#Layer features
#
A 4.33189888 19.03849888 4.33189888 19.03849888 3.82389888 19.03849888 0 P 0 N
A 5.2578 106.7562 5.2578 106.7562 4.7498 106.7562 0 P 0 N
A 6.3048007 6.0000007 6.3048007 6.0000007 6.0000007 6.0000007 1 P 0 N
A 6.3048007 129.00000108 6.3048007 129.00000108 6.0000007 129.00000108 1 P 0 N
A 6.5080007 6.0000007 6.5080007 6.0000007 6.0000007 6.0000007 0 P 0 N
A 6.5080007 129.00000108 6.5080007 129.00000108 6.0000007 129.00000108 0 P 0 N
A 6.7564 106.7816 6.7564 106.7816 6.2484 106.7816 0 P 0 N
A 6.858 29.083 6.858 29.083 6.35 29.083 0 P 0 N
A 8.4074 96.6216 8.4074 96.6216 7.8994 96.6216 0 P 0 N
A 10.6172 25.4762 10.6172 25.4762 10.1092 25.4762 0 P 0 N
A 11.3792 96.647 11.3792 96.647 10.8712 96.647 0 P 0 N
A 12.0396 17.653 12.0396 17.653 11.5316 17.653 0 P 0 N
A 12.5984 24.3586 12.5984 24.3586 12.0904 24.3586 0 P 0 N
A 12.9032 96.85139888 12.9032 96.85139888 12.3952 96.85139888 0 P 0 N
A 13.0556 101.727 13.0556 101.727 12.5476 101.727 0 P 0 N
A 13.1318 18.7452 13.1318 18.7452 12.6238 18.7452 0 P 0 N
A 13.17109888 20.28070112 13.17109888 20.28070112 12.66309888 20.28070112 0 P 0 N
A 16.256 36.068 16.256 36.068 15.748 36.068 0 P 0 N
A 16.256 37.4396 16.256 37.4396 15.748 37.4396 0 P 0 N
A 16.256 38.8112 16.256 38.8112 15.748 38.8112 0 P 0 N
A 16.256 40.1828 16.256 40.1828 15.748 40.1828 0 P 0 N
A 16.256 41.5544 16.256 41.5544 15.748 41.5544 0 P 0 N
A 16.9164 101.4222 16.9164 101.4222 16.4084 101.4222 0 P 0 N
A 16.9164 104.4702 16.9164 104.4702 16.4084 104.4702 0 P 0 N
A 16.9164 107.5436 16.9164 107.5436 16.4084 107.5436 0 P 0 N
A 17.41013536 38.8112 17.41013536 38.8112 16.90213536 38.8112 0 P 0 N
A 17.43356432 41.5544 17.43356432 41.5544 16.92556432 41.5544 0 P 0 N
A 17.4498 36.068 17.4498 36.068 16.9418 36.068 0 P 0 N
A 17.45568264 37.4396 17.45568264 37.4396 16.94768264 37.4396 0 P 0 N
A 17.47086168 40.1828 17.47086168 40.1828 16.96286168 40.1828 0 P 0 N
A 18.9484 40.386 18.9484 40.386 18.4404 40.386 0 P 0 N
A 18.9738 38.3032 18.9738 38.3032 18.4658 38.3032 0 P 0 N
A 18.9738 42.4434 18.9738 42.4434 18.4658 42.4434 0 P 0 N
A 18.9738 43.942 18.9738 43.942 18.4658 43.942 0 P 0 N
A 19.2786 105.8672 19.2786 105.8672 18.7706 105.8672 0 P 0 N
A 19.9898 105.8926 19.9898 105.8926 19.4818 105.8926 0 P 0 N
A 20.4216 36.8808 20.4216 36.8808 19.9136 36.8808 0 P 0 N
A 21.3106 34.5186 21.3106 34.5186 20.8026 34.5186 0 P 0 N
A 21.336 35.941 21.336 35.941 20.828 35.941 0 P 0 N
A 22.3266 40.0558 22.3266 40.0558 21.8186 40.0558 0 P 0 N
A 22.3266 41.18186582 22.3266 41.18186582 21.8186 41.18186582 0 P 0 N
A 22.3266 42.30793164 22.3266 42.30793164 21.8186 42.30793164 0 P 0 N
A 22.3266 43.43399746 22.3266 43.43399746 21.8186 43.43399746 0 P 0 N
A 23.4188 91.6178 23.4188 91.6178 22.9108 91.6178 0 P 0 N
A 23.4696 90.8304 23.4696 90.8304 22.9616 90.8304 0 P 0 N
A 23.5204 92.583 23.5204 92.583 23.0124 92.583 0 P 0 N
A 23.7744 40.0558 23.7744 40.0558 23.2664 40.0558 0 P 0 N
A 23.7744 41.18186582 23.7744 41.18186582 23.2664 41.18186582 0 P 0 N
A 23.7744 42.30793164 23.7744 42.30793164 23.2664 42.30793164 0 P 0 N
A 23.7744 43.43399746 23.7744 43.43399746 23.2664 43.43399746 0 P 0 N
A 24.3078 105.8418 24.3078 105.8418 23.7998 105.8418 0 P 0 N
A 24.765 36.9316 24.765 36.9316 24.257 36.9316 0 P 0 N
A 25.527 93.3958 25.527 93.3958 25.019 93.3958 0 P 0 N
A 29.9466 41.1226 29.9466 41.1226 29.4386 41.1226 0 P 0 N
A 30.2768 113.9952 30.2768 113.9952 29.7688 113.9952 0 P 0 N
A 31.1404 12.2428 31.1404 12.2428 30.6324 12.2428 0 P 0 N
A 31.1658 12.954 31.1658 12.954 30.6578 12.954 0 P 0 N
A 31.1658 13.6398 31.1658 13.6398 30.6578 13.6398 0 P 0 N
A 32.512 11.2268 32.512 11.2268 32.004 11.2268 0 P 0 N
A 34.163 39.1668 34.163 39.1668 33.655 39.1668 0 P 0 N
A 35.8648 98.9076 35.8648 98.9076 35.3568 98.9076 0 P 0 N
A 36.9783487 99.0132513 36.9783487 99.0132513 36.4703487 99.0132513 0 P 0 N
A 37.7698 102.5652 37.7698 102.5652 37.2618 102.5652 0 P 0 N
A 37.7698 103.6574 37.7698 103.6574 37.2618 103.6574 0 P 0 N
A 37.7698 104.7496 37.7698 104.7496 37.2618 104.7496 0 P 0 N
A 37.8968 40.7924 37.8968 40.7924 37.3888 40.7924 0 P 0 N
A 38.1762 98.8568 38.1762 98.8568 37.6682 98.8568 0 P 0 N
A 38.4556 108.6358 38.4556 108.6358 37.9476 108.6358 0 P 0 N
A 38.735 112.0648 38.735 112.0648 38.227 112.0648 0 P 0 N
A 38.8239 102.5652 38.8239 102.5652 38.3159 102.5652 0 P 0 N
A 38.8239 103.6574 38.8239 103.6574 38.3159 103.6574 0 P 0 N
A 38.8239 104.7496 38.8239 104.7496 38.3159 104.7496 0 P 0 N
A 39.5986 107.7722 39.5986 107.7722 39.0906 107.7722 0 P 0 N
A 39.69437324 99.25557238 39.69437324 99.25557238 39.18637324 99.25557238 0 P 0 N
A 39.878 102.5652 39.878 102.5652 39.37 102.5652 0 P 0 N
A 39.878 103.632 39.878 103.632 39.37 103.632 0 P 0 N
A 39.878 104.7496 39.878 104.7496 39.37 104.7496 0 P 0 N
A 40.2844 95.7072 40.2844 95.7072 39.7764 95.7072 0 P 0 N
A 40.4622 108.331 40.4622 108.331 39.9542 108.331 0 P 0 N
A 40.9194 110.617 40.9194 110.617 40.4114 110.617 0 P 0 N
A 40.9321 102.5652 40.9321 102.5652 40.4241 102.5652 0 P 0 N
A 40.9321 103.6574 40.9321 103.6574 40.4241 103.6574 0 P 0 N
A 40.9321 104.7496 40.9321 104.7496 40.4241 104.7496 0 P 0 N
A 41.4528 99.0854 41.4528 99.0854 40.9448 99.0854 0 P 0 N
A 41.529 28.2448 41.529 28.2448 41.021 28.2448 0 P 0 N
A 41.656 35.3314 41.656 35.3314 41.148 35.3314 0 P 0 N
A 41.7068 107.696 41.7068 107.696 41.1988 107.696 0 P 0 N
A 41.8846 40.64 41.8846 40.64 41.3766 40.64 0 P 0 N
A 41.9862 102.5652 41.9862 102.5652 41.4782 102.5652 0 P 0 N
A 41.9862 103.6574 41.9862 103.6574 41.4782 103.6574 0 P 0 N
A 41.9862 104.7496 41.9862 104.7496 41.4782 104.7496 0 P 0 N
A 42.2402 99.06 42.2402 99.06 41.7322 99.06 0 P 0 N
A 42.6466 33.6042 42.6466 33.6042 42.1386 33.6042 0 P 0 N
A 43.053 99.0346 43.053 99.0346 42.545 99.0346 0 P 0 N
A 43.1546 32.1564 43.1546 32.1564 42.6466 32.1564 0 P 0 N
A 43.38964144 108.3818 43.38964144 108.3818 42.88164144 108.3818 0 P 0 N
A 43.6626 111.5822 43.6626 111.5822 43.1546 111.5822 0 P 0 N
A 43.7388 32.9946 43.7388 32.9946 43.2308 32.9946 0 P 0 N
A 43.815 99.0346 43.815 99.0346 43.307 99.0346 0 P 0 N
A 44.2722 34.1122 44.2722 34.1122 43.7642 34.1122 0 P 0 N
A 44.3738 65.2018 44.3738 65.2018 43.8658 65.2018 0 P 0 N
A 44.4754 66.6496 44.4754 66.6496 43.9674 66.6496 0 P 0 N
A 45.1612 108.0008 45.1612 108.0008 44.6532 108.0008 0 P 0 N
A 45.1866 61.25169868 45.1866 61.25169868 44.6786 61.25169868 0 P 0 N
A 46.0502 97.9678 46.0502 97.9678 45.5422 97.9678 0 P 0 N
A 46.0502 110.744 46.0502 110.744 45.5422 110.744 0 P 0 N
A 47.4726 32.0548 47.4726 32.0548 46.9646 32.0548 0 P 0 N
A 47.5996 66.2178 47.5996 66.2178 47.0916 66.2178 0 P 0 N
A 47.69507352 20.2946 47.69507352 20.2946 47.18707352 20.2946 0 P 0 N
A 47.7012 75.2602 47.7012 75.2602 47.1932 75.2602 0 P 0 N
A 47.7266 73.8378 47.7266 73.8378 47.2186 73.8378 0 P 0 N
A 48.006 25.3746 48.006 25.3746 47.498 25.3746 0 P 0 N
A 48.39486892 28.36992802 48.39486892 28.36992802 47.88686892 28.36992802 0 P 0 N
A 48.4378 67.945 48.4378 67.945 47.9298 67.945 0 P 0 N
A 49.911 105.7148 49.911 105.7148 49.403 105.7148 0 P 0 N
A 50.0634 67.6402 50.0634 67.6402 49.5554 67.6402 0 P 0 N
A 50.3174 72.898 50.3174 72.898 49.8094 72.898 0 P 0 N
A 50.3682 30.37886736 50.3682 30.37886736 49.8602 30.37886736 0 P 0 N
A 50.5714 94.6404 50.5714 94.6404 50.0634 94.6404 0 P 0 N
A 50.7238 66.1924 50.7238 66.1924 50.2158 66.1924 0 P 0 N
A 50.7746 26.2636 50.7746 26.2636 50.2666 26.2636 0 P 0 N
A 50.7746 27.2034 50.7746 27.2034 50.2666 27.2034 0 P 0 N
A 50.9730756 63.3419104 50.9730756 63.3419104 50.4650756 63.3419104 0 P 0 N
A 51.1556 105.6894 51.1556 105.6894 50.6476 105.6894 0 P 0 N
A 51.29820068 30.29240068 51.29820068 30.29240068 50.79020068 30.29240068 0 P 0 N
A 51.5112 72.1614 51.5112 72.1614 51.0032 72.1614 0 P 0 N
A 51.6636 129.8448 51.6636 129.8448 51.1556 129.8448 0 P 0 N
A 51.689 26.2636 51.689 26.2636 51.181 26.2636 0 P 0 N
A 51.689 27.2034 51.689 27.2034 51.181 27.2034 0 P 0 N
A 51.8414 33.8582 51.8414 33.8582 51.3334 33.8582 0 P 0 N
A 51.943 114.4016 51.943 114.4016 51.435 114.4016 0 P 0 N
A 52.0446 46.4312 52.0446 46.4312 51.5366 46.4312 0 P 0 N
A 52.0954 94.6404 52.0954 94.6404 51.5874 94.6404 0 P 0 N
A 52.2986 105.6386 52.2986 105.6386 51.7906 105.6386 0 P 0 N
A 52.3494 16.4592 52.3494 16.4592 51.8414 16.4592 0 P 0 N
A 52.5272 72.0852 52.5272 72.0852 52.0192 72.0852 0 P 0 N
A 53.213 23.5712 53.213 23.5712 52.705 23.5712 0 P 0 N
A 53.2384 46.1518 53.2384 46.1518 52.7304 46.1518 0 P 0 N
A 53.3146 33.8582 53.3146 33.8582 52.8066 33.8582 0 P 0 N
A 53.5432 129.8448 53.5432 129.8448 53.0352 129.8448 0 P 0 N
A 53.5686 14.1986 53.5686 14.1986 53.0606 14.1986 0 P 0 N
A 53.6702 24.2824 53.6702 24.2824 53.1622 24.2824 0 P 0 N
A 53.6956 62.611 53.6956 62.611 53.1876 62.611 0 P 0 N
A 53.6956 63.8556 53.6956 63.8556 53.1876 63.8556 0 P 0 N
A 53.6956 65.1002 53.6956 65.1002 53.1876 65.1002 0 P 0 N
A 53.6956 66.3448 53.6956 66.3448 53.1876 66.3448 0 P 0 N
A 53.8226 23.0378 53.8226 23.0378 53.3146 23.0378 0 P 0 N
A 53.848 90.5764 53.848 90.5764 53.34 90.5764 0 P 0 N
A 54.1528 17.06918862 54.1528 17.06918862 53.6448 17.06918862 0 P 0 N
A 54.3306 25.4254 54.3306 25.4254 53.8226 25.4254 0 P 0 N
A 54.356 21.4376 54.356 21.4376 53.848 21.4376 0 P 0 N
A 54.35879908 92.8624 54.35879908 92.8624 53.85079908 92.8624 0 P 0 N
A 55.0672 62.5602 55.0672 62.5602 54.5592 62.5602 0 P 0 N
A 55.0672 63.82173164 55.0672 63.82173164 54.5592 63.82173164 0 P 0 N
A 55.0672 65.08326328 55.0672 65.08326328 54.5592 65.08326328 0 P 0 N
A 55.0672 66.34479492 55.0672 66.34479492 54.5592 66.34479492 0 P 0 N
A 55.6768 26.3144 55.6768 26.3144 55.1688 26.3144 0 P 0 N
A 55.753 87.1474 55.753 87.1474 55.245 87.1474 0 P 0 N
A 56.4388 62.5602 56.4388 62.5602 55.9308 62.5602 0 P 0 N
A 56.4388 63.82173164 56.4388 63.82173164 55.9308 63.82173164 0 P 0 N
A 56.4388 65.08326328 56.4388 65.08326328 55.9308 65.08326328 0 P 0 N
A 56.4388 66.34479492 56.4388 66.34479492 55.9308 66.34479492 0 P 0 N
A 56.55600068 92.84400024 56.55600068 92.84400024 56.04800068 92.84400024 0 P 0 N
A 57.4802 37.6936 57.4802 37.6936 56.9722 37.6936 0 P 0 N
A 57.8104 62.6364 57.8104 62.6364 57.3024 62.6364 0 P 0 N
A 57.8104 63.87253164 57.8104 63.87253164 57.3024 63.87253164 0 P 0 N
A 57.8104 65.10866328 57.8104 65.10866328 57.3024 65.10866328 0 P 0 N
A 57.8104 66.34479492 57.8104 66.34479492 57.3024 66.34479492 0 P 0 N
A 58.1406 103.6066 58.1406 103.6066 57.6326 103.6066 0 P 0 N
A 58.5827632 56.19236412 58.5827632 56.19236412 58.0747632 56.19236412 0 P 0 N
A 58.8772 24.2316 58.8772 24.2316 58.3692 24.2316 0 P 0 N
A 59.2582 51.816 59.2582 51.816 58.7502 51.816 0 P 0 N
A 59.2582 53.2892 59.2582 53.2892 58.7502 53.2892 0 P 0 N
A 59.2836 50.3174 59.2836 50.3174 58.7756 50.3174 0 P 0 N
A 59.2836 54.8132 59.2836 54.8132 58.7756 54.8132 0 P 0 N
A 59.944 89.52469776 59.944 89.52469776 59.436 89.52469776 0 P 0 N
A 60.37780152 27.70939848 60.37780152 27.70939848 59.86980152 27.70939848 0 P 0 N
A 60.7822 69.90080508 60.7822 69.90080508 60.2742 69.90080508 0 P 0 N
A 60.7822 71.14540508 60.7822 71.14540508 60.2742 71.14540508 0 P 0 N
A 60.7822 72.39000508 60.7822 72.39000508 60.2742 72.39000508 0 P 0 N
A 60.7822 73.63460508 60.7822 73.63460508 60.2742 73.63460508 0 P 0 N
A 60.8838 62.58560508 60.8838 62.58560508 60.3758 62.58560508 0 P 0 N
A 60.8838 63.83020508 60.8838 63.83020508 60.3758 63.83020508 0 P 0 N
A 60.8838 65.07480508 60.8838 65.07480508 60.3758 65.07480508 0 P 0 N
A 60.8838 66.31940508 60.8838 66.31940508 60.3758 66.31940508 0 P 0 N
A 61.0362 14.351 61.0362 14.351 60.5282 14.351 0 P 0 N
A 61.4172 92.5068 61.4172 92.5068 60.9092 92.5068 0 P 0 N
A 61.5188 39.7002 61.5188 39.7002 61.0108 39.7002 0 P 0 N
A 61.5442 20.3962 61.5442 20.3962 61.0362 20.3962 0 P 0 N
A 61.5442 21.463 61.5442 21.463 61.0362 21.463 0 P 0 N
A 61.7982 83.8708 61.7982 83.8708 61.2902 83.8708 0 P 0 N
A 61.8998 27.7368 61.8998 27.7368 61.3918 27.7368 0 P 0 N
A 62.1538 69.85000508 62.1538 69.85000508 61.6458 69.85000508 0 P 0 N
A 62.1538 71.11153672 62.1538 71.11153672 61.6458 71.11153672 0 P 0 N
A 62.1538 72.37306836 62.1538 72.37306836 61.6458 72.37306836 0 P 0 N
A 62.1538 73.6346 62.1538 73.6346 61.6458 73.6346 0 P 0 N
A 62.1792 80.7974 62.1792 80.7974 61.6712 80.7974 0 P 0 N
A 62.2554 62.53480508 62.2554 62.53480508 61.7474 62.53480508 0 P 0 N
A 62.2554 63.79633672 62.2554 63.79633672 61.7474 63.79633672 0 P 0 N
A 62.2554 65.05786836 62.2554 65.05786836 61.7474 65.05786836 0 P 0 N
A 62.2554 66.3194 62.2554 66.3194 61.7474 66.3194 0 P 0 N
A 62.5094 20.3962 62.5094 20.3962 62.0014 20.3962 0 P 0 N
A 62.5094 21.4376 62.5094 21.4376 62.0014 21.4376 0 P 0 N
A 62.6872 83.8708 62.6872 83.8708 62.1792 83.8708 0 P 0 N
A 62.6872 111.506 62.6872 111.506 62.1792 111.506 0 P 0 N
A 62.6872 112.6998 62.6872 112.6998 62.1792 112.6998 0 P 0 N
A 62.8904 92.5068 62.8904 92.5068 62.3824 92.5068 0 P 0 N
A 63.119 18.2372 63.119 18.2372 62.611 18.2372 0 P 0 N
A 63.373 27.7114 63.373 27.7114 62.865 27.7114 0 P 0 N
A 63.5254 69.85000508 63.5254 69.85000508 63.0174 69.85000508 0 P 0 N
A 63.5254 71.11153672 63.5254 71.11153672 63.0174 71.11153672 0 P 0 N
A 63.5254 72.37306836 63.5254 72.37306836 63.0174 72.37306836 0 P 0 N
A 63.5254 73.6346 63.5254 73.6346 63.0174 73.6346 0 P 0 N
A 63.627 62.53480508 63.627 62.53480508 63.119 62.53480508 0 P 0 N
A 63.627 63.79633672 63.627 63.79633672 63.119 63.79633672 0 P 0 N
A 63.627 65.05786836 63.627 65.05786836 63.119 65.05786836 0 P 0 N
A 63.627 66.3194 63.627 66.3194 63.119 66.3194 0 P 0 N
A 63.9064 111.506 63.9064 111.506 63.3984 111.506 0 P 0 N
A 63.9064 112.6998 63.9064 112.6998 63.3984 112.6998 0 P 0 N
A 64.12349888 42.70890112 64.12349888 42.70890112 63.61549888 42.70890112 0 P 0 N
A 64.25998324 52.85258416 64.25998324 52.85258416 63.75198324 52.85258416 0 P 0 N
A 64.3636 92.5068 64.3636 92.5068 63.8556 92.5068 0 P 0 N
A 64.4144 19.61500014 64.4144 19.61500014 63.9064 19.61500014 0 P 0 N
A 64.8716 27.7368 64.8716 27.7368 64.3636 27.7368 0 P 0 N
A 64.897 69.92620508 64.897 69.92620508 64.389 69.92620508 0 P 0 N
A 64.897 71.16233672 64.897 71.16233672 64.389 71.16233672 0 P 0 N
A 64.897 72.39846836 64.897 72.39846836 64.389 72.39846836 0 P 0 N
A 64.897 73.6346 64.897 73.6346 64.389 73.6346 0 P 0 N
A 64.9732 20.066 64.9732 20.066 64.4652 20.066 0 P 0 N
A 64.9986 62.61100508 64.9986 62.61100508 64.4906 62.61100508 0 P 0 N
A 64.9986 63.84713672 64.9986 63.84713672 64.4906 63.84713672 0 P 0 N
A 64.9986 65.08326836 64.9986 65.08326836 64.4906 65.08326836 0 P 0 N
A 64.9986 66.3194 64.9986 66.3194 64.4906 66.3194 0 P 0 N
A 65.024 53.59724612 65.024 53.59724612 64.516 53.59724612 0 P 0 N
A 65.1256 111.506 65.1256 111.506 64.6176 111.506 0 P 0 N
A 65.1256 112.6998 65.1256 112.6998 64.6176 112.6998 0 P 0 N
A 65.2526 45.8978 65.2526 45.8978 64.7446 45.8978 0 P 0 N
A 65.278 77.4446 65.278 77.4446 64.77 77.4446 0 P 0 N
A 66.0146 120.396 66.0146 120.396 65.5066 120.396 0 P 0 N
A 66.0146 121.5898 66.0146 121.5898 65.5066 121.5898 0 P 0 N
A 66.0146 128.3208 66.0146 128.3208 65.5066 128.3208 0 P 0 N
A 66.0146 129.5146 66.0146 129.5146 65.5066 129.5146 0 P 0 N
A 66.3448 111.506 66.3448 111.506 65.8368 111.506 0 P 0 N
A 66.3448 112.6998 66.3448 112.6998 65.8368 112.6998 0 P 0 N
A 66.6242 88.9254 66.6242 88.9254 66.1162 88.9254 0 P 0 N
A 66.9798 15.6464 66.9798 15.6464 66.4718 15.6464 0 P 0 N
A 67.2084 8.255 67.2084 8.255 66.7004 8.255 0 P 0 N
A 67.2338 120.396 67.2338 120.396 66.7258 120.396 0 P 0 N
A 67.2338 121.5898 67.2338 121.5898 66.7258 121.5898 0 P 0 N
A 67.2338 128.3208 67.2338 128.3208 66.7258 128.3208 0 P 0 N
A 67.2338 129.5146 67.2338 129.5146 66.7258 129.5146 0 P 0 N
A 67.58053032 26.91513032 67.58053032 26.91513032 67.07253032 26.91513032 0 P 0 N
A 67.8434 22.6822 67.8434 22.6822 67.3354 22.6822 0 P 0 N
A 67.8688 74.3204 67.8688 74.3204 67.3608 74.3204 0 P 0 N
A 67.8942 62.7888 67.8942 62.7888 67.3862 62.7888 0 P 0 N
A 67.9196 61.9506 67.9196 61.9506 67.4116 61.9506 0 P 0 N
A 67.945 70.0532 67.945 70.0532 67.437 70.0532 0 P 0 N
A 67.9704 67.0306 67.9704 67.0306 67.4624 67.0306 0 P 0 N
A 68.072 35.433 68.072 35.433 67.564 35.433 0 P 0 N
A 68.4276 57.9628 68.4276 57.9628 67.9196 57.9628 0 P 0 N
A 68.453 120.396 68.453 120.396 67.945 120.396 0 P 0 N
A 68.453 121.5898 68.453 121.5898 67.945 121.5898 0 P 0 N
A 68.453 128.3208 68.453 128.3208 67.945 128.3208 0 P 0 N
A 68.453 129.5146 68.453 129.5146 67.945 129.5146 0 P 0 N
A 68.6816 16.383 68.6816 16.383 68.1736 16.383 0 P 0 N
A 68.8086 30.7086 68.8086 30.7086 68.3006 30.7086 0 P 0 N
A 69.0372 41.4528 69.0372 41.4528 68.5292 41.4528 0 P 0 N
A 69.0626 111.4806 69.0626 111.4806 68.5546 111.4806 0 P 0 N
A 69.0626 112.6744 69.0626 112.6744 68.5546 112.6744 0 P 0 N
A 69.3166 29.845 69.3166 29.845 68.8086 29.845 0 P 0 N
A 69.4944 68.58 69.4944 68.58 68.9864 68.58 0 P 0 N
A 69.6722 120.396 69.6722 120.396 69.1642 120.396 0 P 0 N
A 69.6722 121.5898 69.6722 121.5898 69.1642 121.5898 0 P 0 N
A 69.6722 128.3208 69.6722 128.3208 69.1642 128.3208 0 P 0 N
A 69.6722 129.5146 69.6722 129.5146 69.1642 129.5146 0 P 0 N
A 69.7484 2.5654 69.7484 2.5654 69.2404 2.5654 0 P 0 N
A 70.1294 21.6154 70.1294 21.6154 69.6214 21.6154 0 P 0 N
A 70.2818 111.4806 70.2818 111.4806 69.7738 111.4806 0 P 0 N
A 70.2818 112.6744 70.2818 112.6744 69.7738 112.6744 0 P 0 N
A 70.5612 52.0446 70.5612 52.0446 70.0532 52.0446 0 P 0 N
A 70.5866 53.467 70.5866 53.467 70.0786 53.467 0 P 0 N
A 70.612 25.7302 70.612 25.7302 70.104 25.7302 0 P 0 N
A 70.6374 18.6436 70.6374 18.6436 70.1294 18.6436 0 P 0 N
A 70.6628 23.0632 70.6628 23.0632 70.1548 23.0632 0 P 0 N
A 70.7136 14.1986 70.7136 14.1986 70.2056 14.1986 0 P 0 N
A 70.7136 20.1422 70.7136 20.1422 70.2056 20.1422 0 P 0 N
A 70.739 17.145 70.739 17.145 70.231 17.145 0 P 0 N
A 70.9676 70.0786 70.9676 70.0786 70.4596 70.0786 0 P 0 N
A 71.14359914 62.79060086 71.14359914 62.79060086 70.63559914 62.79060086 0 P 0 N
A 71.2724 65.3542 71.2724 65.3542 70.7644 65.3542 0 P 0 N
A 71.2978 72.644 71.2978 72.644 70.7898 72.644 0 P 0 N
A 71.374 25.7048 71.374 25.7048 70.866 25.7048 0 P 0 N
A 71.501 111.4806 71.501 111.4806 70.993 111.4806 0 P 0 N
A 71.501 112.6744 71.501 112.6744 70.993 112.6744 0 P 0 N
A 72.136 60.0456 72.136 60.0456 71.628 60.0456 0 P 0 N
A 72.4408 57.9882 72.4408 57.9882 71.9328 57.9882 0 P 0 N
A 72.7202 111.4806 72.7202 111.4806 72.2122 111.4806 0 P 0 N
A 72.7202 112.6744 72.7202 112.6744 72.2122 112.6744 0 P 0 N
A 73.5838 30.7086 73.5838 30.7086 73.0758 30.7086 0 P 0 N
A 73.787 28.4734 73.787 28.4734 73.279 28.4734 0 P 0 N
A 74.5744 67.183 74.5744 67.183 74.0664 67.183 0 P 0 N
A 74.5744 88.6968 74.5744 88.6968 74.0664 88.6968 0 P 0 N
A 74.5744 89.9668 74.5744 89.9668 74.0664 89.9668 0 P 0 N
A 74.5744 91.2368 74.5744 91.2368 74.0664 91.2368 0 P 0 N
A 74.5744 92.5068 74.5744 92.5068 74.0664 92.5068 0 P 0 N
A 74.5744 93.7768 74.5744 93.7768 74.0664 93.7768 0 P 0 N
A 74.5998 65.532 74.5998 65.532 74.0918 65.532 0 P 0 N
A 74.6252 68.9356 74.6252 68.9356 74.1172 68.9356 0 P 0 N
A 74.6252 73.9648 74.6252 73.9648 74.1172 73.9648 0 P 0 N
A 74.676 62.2046 74.676 62.2046 74.168 62.2046 0 P 0 N
A 74.9808 8.3058 74.9808 8.3058 74.4728 8.3058 0 P 0 N
A 75.0824 72.898 75.0824 72.898 74.5744 72.898 0 P 0 N
A 75.692 50.927 75.692 50.927 75.184 50.927 0 P 0 N
A 75.692 58.5978 75.692 58.5978 75.184 58.5978 0 P 0 N
A 75.7174 13.7668 75.7174 13.7668 75.2094 13.7668 0 P 0 N
A 76.0984 73.533 76.0984 73.533 75.5904 73.533 0 P 0 N
A 76.1238 60.7822 76.1238 60.7822 75.6158 60.7822 0 P 0 N
A 76.5556 114.5032 76.5556 114.5032 76.0476 114.5032 0 P 0 N
A 76.708 30.5308 76.708 30.5308 76.2 30.5308 0 P 0 N
A 76.7334 68.5038 76.7334 68.5038 76.2254 68.5038 0 P 0 N
A 77.0636 19.6596 77.0636 19.6596 76.5556 19.6596 0 P 0 N
A 77.0636 20.5486 77.0636 20.5486 76.5556 20.5486 0 P 0 N
A 77.343 79.8576 77.343 79.8576 76.835 79.8576 0 P 0 N
A 77.9526 19.6596 77.9526 19.6596 77.4446 19.6596 0 P 0 N
A 77.9526 20.5486 77.9526 20.5486 77.4446 20.5486 0 P 0 N
A 78.0542 8.3058 78.0542 8.3058 77.5462 8.3058 0 P 0 N
A 78.232 28.4734 78.232 28.4734 77.724 28.4734 0 P 0 N
A 78.2574 82.0928 78.2574 82.0928 77.7494 82.0928 0 P 0 N
A 78.3336 52.8828 78.3336 52.8828 77.8256 52.8828 0 P 0 N
A 78.64856 13.77696 78.64856 13.77696 78.14056 13.77696 0 P 0 N
A 79.0194 52.4002 79.0194 52.4002 78.5114 52.4002 0 P 0 N
A 79.248 53.9242 79.248 53.9242 78.74 53.9242 0 P 0 N
A 79.2988 123.9774 79.2988 123.9774 78.7908 123.9774 0 P 0 N
A 79.2988 124.9426 79.2988 124.9426 78.7908 124.9426 0 P 0 N
A 79.8068 73.8632 79.8068 73.8632 79.2988 73.8632 0 P 0 N
A 79.8322 55.5498 79.8322 55.5498 79.3242 55.5498 0 P 0 N
A 79.9882576 74.8320576 79.9882576 74.8320576 79.4802576 74.8320576 0 P 0 N
A 80.0862 49.403 80.0862 49.403 79.5782 49.403 0 P 0 N
A 80.1624 13.7668 80.1624 13.7668 79.6544 13.7668 0 P 0 N
A 80.17039846 19.85480154 80.17039846 19.85480154 79.66239846 19.85480154 0 P 0 N
A 80.3402 29.1338 80.3402 29.1338 79.8322 29.1338 0 P 0 N
A 80.4672 55.9816 80.4672 55.9816 79.9592 55.9816 0 P 0 N
A 80.518 123.9774 80.518 123.9774 80.01 123.9774 0 P 0 N
A 80.52646582 124.9426 80.52646582 124.9426 80.01846582 124.9426 0 P 0 N
A 80.9752 66.1162 80.9752 66.1162 80.4672 66.1162 0 P 0 N
A 81.0490632 61.78598768 81.0490632 61.78598768 80.5410632 61.78598768 0 P 0 N
A 81.0768 5.2324 81.0768 5.2324 80.5688 5.2324 0 P 0 N
A 81.153 2.286 81.153 2.286 80.645 2.286 0 P 0 N
A 81.51876 16.93164 81.51876 16.93164 81.01076 16.93164 0 P 0 N
A 81.6102 13.7922 81.6102 13.7922 81.1022 13.7922 0 P 0 N
A 81.7372 123.9774 81.7372 123.9774 81.2292 123.9774 0 P 0 N
A 81.75413164 124.9426 81.75413164 124.9426 81.24613164 124.9426 0 P 0 N
A 82.042 89.3826 82.042 89.3826 81.534 89.3826 0 P 0 N
A 82.042 91.694 82.042 91.694 81.534 91.694 0 P 0 N
A 82.1944 50.8508 82.1944 50.8508 81.6864 50.8508 0 P 0 N
A 82.3722 86.9696 82.3722 86.9696 81.8642 86.9696 0 P 0 N
A 82.4992 27.7114 82.4992 27.7114 81.9912 27.7114 0 P 0 N
A 82.62581392 43.48201616 82.62581392 43.48201616 82.11781392 43.48201616 0 P 0 N
A 82.8548 42.291 82.8548 42.291 82.3468 42.291 0 P 0 N
A 82.8548 88.8238 82.8548 88.8238 82.3468 88.8238 0 P 0 N
A 82.8548 89.97526582 82.8548 89.97526582 82.3468 89.97526582 0 P 0 N
A 82.8548 91.12673164 82.8548 91.12673164 82.3468 91.12673164 0 P 0 N
A 82.8548 92.27819746 82.8548 92.27819746 82.3468 92.27819746 0 P 0 N
A 82.9564 85.1662 82.9564 85.1662 82.4484 85.1662 0 P 0 N
A 82.9564 123.9774 82.9564 123.9774 82.4484 123.9774 0 P 0 N
A 82.98179746 124.9426 82.98179746 124.9426 82.47379746 124.9426 0 P 0 N
A 83.1088 72.009 83.1088 72.009 82.6008 72.009 0 P 0 N
A 83.1088 73.025 83.1088 73.025 82.6008 73.025 0 P 0 N
A 83.1342 105.5878 83.1342 105.5878 82.6262 105.5878 0 P 0 N
A 83.1342 106.807 83.1342 106.807 82.6262 106.807 0 P 0 N
A 83.1342 108.0262 83.1342 108.0262 82.6262 108.0262 0 P 0 N
A 83.1342 109.2454 83.1342 109.2454 82.6262 109.2454 0 P 0 N
A 83.1596 63.8556 83.1596 63.8556 82.6516 63.8556 0 P 0 N
A 83.185 74.0664 83.185 74.0664 82.677 74.0664 0 P 0 N
A 83.4136 116.4082 83.4136 116.4082 82.9056 116.4082 0 P 0 N
A 83.4136 117.6274 83.4136 117.6274 82.9056 117.6274 0 P 0 N
A 83.4136 118.8466 83.4136 118.8466 82.9056 118.8466 0 P 0 N
A 83.4136 120.0658 83.4136 120.0658 82.9056 120.0658 0 P 0 N
A 83.5406 21.0058 83.5406 21.0058 83.0326 21.0058 0 P 0 N
A 83.566 37.9222 83.566 37.9222 83.058 37.9222 0 P 0 N
A 84.328 105.5878 84.328 105.5878 83.82 105.5878 0 P 0 N
A 84.328 106.807 84.328 106.807 83.82 106.807 0 P 0 N
A 84.328 108.0262 84.328 108.0262 83.82 108.0262 0 P 0 N
A 84.328 109.2454 84.328 109.2454 83.82 109.2454 0 P 0 N
A 84.42374784 34.33634992 84.42374784 34.33634992 83.91574784 34.33634992 0 P 0 N
A 84.4296 22.3012 84.4296 22.3012 83.9216 22.3012 0 P 0 N
A 84.4686652 23.95740192 84.4686652 23.95740192 83.9606652 23.95740192 0 P 0 N
A 84.5058 35.56 84.5058 35.56 83.9978 35.56 0 P 0 N
A 84.6074 116.4082 84.6074 116.4082 84.0994 116.4082 0 P 0 N
A 84.6074 117.6274 84.6074 117.6274 84.0994 117.6274 0 P 0 N
A 84.6074 118.8466 84.6074 118.8466 84.0994 118.8466 0 P 0 N
A 84.6074 120.0658 84.6074 120.0658 84.0994 120.0658 0 P 0 N
A 85.18343136 99.01247152 85.18343136 99.01247152 84.67543136 99.01247152 0 P 0 N
A 85.5472 112.2934 85.5472 112.2934 85.0392 112.2934 0 P 0 N
A 85.80479918 67.50000216 85.80479918 67.50000216 85.49999918 67.50000216 1 P 0 N
A 85.979 17.5768 85.979 17.5768 85.471 17.5768 0 P 0 N
A 86.00799918 67.50000216 86.00799918 67.50000216 85.49999918 67.50000216 0 P 0 N
A 86.5632 16.256 86.5632 16.256 86.0552 16.256 0 P 0 N
A 87.503 110.109 87.503 110.109 86.995 110.109 0 P 0 N
A 88.35319896 108.21599896 88.35319896 108.21599896 87.84519896 108.21599896 0 P 0 N
A 88.4174 106.7816 88.4174 106.7816 87.9094 106.7816 0 P 0 N
A 88.4174 109.7026 88.4174 109.7026 87.9094 109.7026 0 P 0 N
A 88.7984 9.6012 88.7984 9.6012 88.2904 9.6012 0 P 0 N
A 89.281 111.1758 89.281 111.1758 88.773 111.1758 0 P 0 N
A 89.281 115.6462 89.281 115.6462 88.773 115.6462 0 P 0 N
A 90.6018 9.61450706 90.6018 9.61450706 90.0938 9.61450706 0 P 0 N
A 90.7796 119.1514 90.7796 119.1514 90.2716 119.1514 0 P 0 N
A 91.186 20.32 91.186 20.32 90.678 20.32 0 P 0 N
A 91.4146 6.8834 91.4146 6.8834 90.9066 6.8834 0 P 0 N
A 91.45389888 29.6672 91.45389888 29.6672 90.94589888 29.6672 0 P 0 N
A 92.0496 104.902 92.0496 104.902 91.5416 104.902 0 P 0 N
A 92.67119896 111.16239896 92.67119896 111.16239896 92.16319896 111.16239896 0 P 0 N
A 92.92660104 114.10879896 92.92660104 114.10879896 92.41860104 114.10879896 0 P 0 N
A 93.4974 21.3106 93.4974 21.3106 92.9894 21.3106 0 P 0 N
A 93.5228 104.902 93.5228 104.902 93.0148 104.902 0 P 0 N
A 93.5482 15.2908 93.5482 15.2908 93.0402 15.2908 0 P 0 N
A 93.5482 30.0482 93.5482 30.0482 93.0402 30.0482 0 P 0 N
A 93.5736 18.2118 93.5736 18.2118 93.0656 18.2118 0 P 0 N
A 93.6752 28.7782 93.6752 28.7782 93.1672 28.7782 0 P 0 N
A 93.7006 40.9702 93.7006 40.9702 93.1926 40.9702 0 P 0 N
A 93.7768 10.5156 93.7768 10.5156 93.2688 10.5156 0 P 0 N
A 93.9038 113.9444 93.9038 113.9444 93.3958 113.9444 0 P 0 N
A 94.3864 30.8102 94.3864 30.8102 93.8784 30.8102 0 P 0 N
A 94.5134 99.7712 94.5134 99.7712 94.0054 99.7712 0 P 0 N
A 94.742 32.8168 94.742 32.8168 94.234 32.8168 0 P 0 N
A 94.996 104.902 94.996 104.902 94.488 104.902 0 P 0 N
A 95.0976 30.2514 95.0976 30.2514 94.5896 30.2514 0 P 0 N
A 95.0976 31.3436 95.0976 31.3436 94.5896 31.3436 0 P 0 N
A 95.8596 116.2558 95.8596 116.2558 95.3516 116.2558 0 P 0 N
A 96.4438 111.4044 96.4438 111.4044 95.9358 111.4044 0 P 0 N
A 96.4438 112.25106582 96.4438 112.25106582 95.9358 112.25106582 0 P 0 N
A 96.4438 113.09773164 96.4438 113.09773164 95.9358 113.09773164 0 P 0 N
A 96.4438 113.94439746 96.4438 113.94439746 95.9358 113.94439746 0 P 0 N
A 96.4692 104.902 96.4692 104.902 95.9612 104.902 0 P 0 N
A 97.31586582 111.4552 97.31586582 111.4552 96.80786582 111.4552 0 P 0 N
A 97.31586582 112.28493164 97.31586582 112.28493164 96.80786582 112.28493164 0 P 0 N
A 97.31586582 113.11466328 97.31586582 113.11466328 96.80786582 113.11466328 0 P 0 N
A 97.31586582 113.94439492 97.31586582 113.94439492 96.80786582 113.94439492 0 P 0 N
A 97.52259896 115.9002 97.52259896 115.9002 97.01459896 115.9002 0 P 0 N
A 97.6122 22.3012 97.6122 22.3012 97.1042 22.3012 0 P 0 N
A 97.6122 29.2862 97.6122 29.2862 97.1042 29.2862 0 P 0 N
A 97.663 28.2956 97.663 28.2956 97.155 28.2956 0 P 0 N
A 97.68830094 18.7961016 97.68830094 18.7961016 97.18030094 18.7961016 0 P 0 N
A 97.7138 25.2984 97.7138 25.2984 97.2058 25.2984 0 P 0 N
A 97.79 40.1574 97.79 40.1574 97.282 40.1574 0 P 0 N
A 97.9678 104.902 97.9678 104.902 97.4598 104.902 0 P 0 N
A 98.18793164 111.4044 98.18793164 111.4044 97.67993164 111.4044 0 P 0 N
A 98.18793164 112.25106582 98.18793164 112.25106582 97.67993164 112.25106582 0 P 0 N
A 98.18793164 113.09773164 98.18793164 113.09773164 97.67993164 113.09773164 0 P 0 N
A 98.18793164 113.94439746 98.18793164 113.94439746 97.67993164 113.94439746 0 P 0 N
A 98.2218 8.8392 98.2218 8.8392 97.7138 8.8392 0 P 0 N
A 98.2218 12.5222 98.2218 12.5222 97.7138 12.5222 0 P 0 N
A 99.05999746 111.4044 99.05999746 111.4044 98.55199746 111.4044 0 P 0 N
A 99.05999746 112.25106582 99.05999746 112.25106582 98.55199746 112.25106582 0 P 0 N
A 99.05999746 113.09773164 99.05999746 113.09773164 98.55199746 113.09773164 0 P 0 N
A 99.05999746 113.94439746 99.05999746 113.94439746 98.55199746 113.94439746 0 P 0 N
A 99.22439896 12.20540104 99.22439896 12.20540104 98.71639896 12.20540104 0 P 0 N
A 99.2378 15.0114 99.2378 15.0114 98.7298 15.0114 0 P 0 N
A 99.4156 104.902 99.4156 104.902 98.9076 104.902 0 P 0 N
A 99.6442 121.9454 99.6442 121.9454 99.1362 121.9454 0 P 0 N
A 99.9744 116.5352 99.9744 116.5352 99.4664 116.5352 0 P 0 N
A 100.076 33.7566 100.076 33.7566 99.568 33.7566 0 P 0 N
A 100.2284 11.5316 100.2284 11.5316 99.7204 11.5316 0 P 0 N
A 100.7929404 34.54833832 100.7929404 34.54833832 100.2849404 34.54833832 0 P 0 N
A 100.88399686 104.902 100.88399686 104.902 100.37599686 104.902 0 P 0 N
A 100.965 113.919 100.965 113.919 100.457 113.919 0 P 0 N
A 101.16399884 112.9243995 101.16399884 112.9243995 100.65599884 112.9243995 0 P 0 N
A 101.4476 37.1348 101.4476 37.1348 100.9396 37.1348 0 P 0 N
A 102.09649888 6.38929888 102.09649888 6.38929888 101.58849888 6.38929888 0 P 0 N
A 102.108 14.478 102.108 14.478 101.6 14.478 0 P 0 N
A 102.1334 7.8994 102.1334 7.8994 101.6254 7.8994 0 P 0 N
A 102.1334 13.7668 102.1334 13.7668 101.6254 13.7668 0 P 0 N
A 102.997 11.811 102.997 11.811 102.489 11.811 0 P 0 N
A 103.2002 40.259 103.2002 40.259 102.6922 40.259 0 P 0 N
A 103.251 4.2926 103.251 4.2926 102.743 4.2926 0 P 0 N
A 103.3526 16.9926 103.3526 16.9926 102.8446 16.9926 0 P 0 N
A 103.7082 116.8908 103.7082 116.8908 103.2002 116.8908 0 P 0 N
A 103.759 12.14967344 103.759 12.14967344 103.251 12.14967344 0 P 0 N
A 104.18960112 39.92760112 104.18960112 39.92760112 103.68160112 39.92760112 0 P 0 N
A 104.2416 9.3726 104.2416 9.3726 103.7336 9.3726 0 P 0 N
A 104.394 11.5824 104.394 11.5824 103.886 11.5824 0 P 0 N
A 104.5464 112.9538 104.5464 112.9538 104.0384 112.9538 0 P 0 N
A 104.8512 31.2928 104.8512 31.2928 104.3432 31.2928 0 P 0 N
A 105.20061764 11.60509744 105.20061764 11.60509744 104.69261764 11.60509744 0 P 0 N
A 105.5878 32.512 105.5878 32.512 105.0798 32.512 0 P 0 N
A 105.6132 100.6602 105.6132 100.6602 105.1052 100.6602 0 P 0 N
A 105.7402 9.3472 105.7402 9.3472 105.2322 9.3472 0 P 0 N
A 105.791 5.4102 105.791 5.4102 105.283 5.4102 0 P 0 N
A 106.2228 12.0396 106.2228 12.0396 105.7148 12.0396 0 P 0 N
A 106.2228 34.3408 106.2228 34.3408 105.7148 34.3408 0 P 0 N
A 106.2736 105.0798 106.2736 105.0798 105.7656 105.0798 0 P 0 N
A 106.2736 108.204 106.2736 108.204 105.7656 108.204 0 P 0 N
A 106.2736 109.728 106.2736 109.728 105.7656 109.728 0 P 0 N
A 106.4768 100.6094 106.4768 100.6094 105.9688 100.6094 0 P 0 N
A 106.6546 7.493 106.6546 7.493 106.1466 7.493 0 P 0 N
A 107.2388 11.557 107.2388 11.557 106.7308 11.557 0 P 0 N
A 107.2388 34.4932 107.2388 34.4932 106.7308 34.4932 0 P 0 N
A 107.7214 37.084 107.7214 37.084 107.2134 37.084 0 P 0 N
A 108.2294 38.5318 108.2294 38.5318 107.7214 38.5318 0 P 0 N
A 108.6866 37.0332 108.6866 37.0332 108.1786 37.0332 0 P 0 N
A 109.0422 5.3086 109.0422 5.3086 108.5342 5.3086 0 P 0 N
A 109.2732003 105.1076003 109.2732003 105.1076003 108.7652003 105.1076003 0 P 0 N
A 109.5248 34.2646 109.5248 34.2646 109.0168 34.2646 0 P 0 N
A 109.58646612 106.66546612 109.58646612 106.66546612 109.07846612 106.66546612 0 P 0 N
A 109.6264 107.4166 109.6264 107.4166 109.1184 107.4166 0 P 0 N
A 109.6264 108.1532 109.6264 108.1532 109.1184 108.1532 0 P 0 N
A 109.6264 109.22 109.6264 109.22 109.1184 109.22 0 P 0 N
A 110.48089918 112.74149918 110.48089918 112.74149918 109.97289918 112.74149918 0 P 0 N
A 110.5662 114.2492 110.5662 114.2492 110.0582 114.2492 0 P 0 N
A 110.7186 39.878 110.7186 39.878 110.2106 39.878 0 P 0 N
A 111.2266 11.6078 111.2266 11.6078 110.7186 11.6078 0 P 0 N
A 112.79199946 110.1033993 112.79199946 110.1033993 112.28399946 110.1033993 0 P 0 N
A 112.8014 106.4514 112.8014 106.4514 112.2934 106.4514 0 P 0 N
A 112.8014 107.35733164 112.8014 107.35733164 112.2934 107.35733164 0 P 0 N
A 112.8014 108.26326328 112.8014 108.26326328 112.2934 108.26326328 0 P 0 N
A 112.8014 109.16919492 112.8014 109.16919492 112.2934 109.16919492 0 P 0 N
A 112.903 5.0038 112.903 5.0038 112.395 5.0038 0 P 0 N
A 113.7285 106.426 113.7285 106.426 113.2205 106.426 0 P 0 N
A 113.7285 107.3404 113.7285 107.3404 113.2205 107.3404 0 P 0 N
A 113.7285 108.2548 113.7285 108.2548 113.2205 108.2548 0 P 0 N
A 113.7285 109.1692 113.7285 109.1692 113.2205 109.1692 0 P 0 N
A 113.72949822 110.1033993 113.72949822 110.1033993 113.22149822 110.1033993 0 P 0 N
A 114.3762 5.0038 114.3762 5.0038 113.8682 5.0038 0 P 0 N
A 114.6556 106.426 114.6556 106.426 114.1476 106.426 0 P 0 N
A 114.6556 107.3404 114.6556 107.3404 114.1476 107.3404 0 P 0 N
A 114.6556 108.2548 114.6556 108.2548 114.1476 108.2548 0 P 0 N
A 114.6556 109.1692 114.6556 109.1692 114.1476 109.1692 0 P 0 N
A 114.66699698 110.1033993 114.66699698 110.1033993 114.15899698 110.1033993 0 P 0 N
A 115.8494 18.1356 115.8494 18.1356 115.3414 18.1356 0 P 0 N
A 116.5098 11.5824 116.5098 11.5824 116.0018 11.5824 0 P 0 N
A 117.0178 8.0772 117.0178 8.0772 116.5098 8.0772 0 P 0 N
A 117.221 11.8364 117.221 11.8364 116.713 11.8364 0 P 0 N
A 117.348 107.696 117.348 107.696 116.84 107.696 0 P 0 N
A 117.3988 16.4846 117.3988 16.4846 116.8908 16.4846 0 P 0 N
A 117.983 108.8898 117.983 108.8898 117.475 108.8898 0 P 0 N
A 118.0084 5.1054 118.0084 5.1054 117.5004 5.1054 0 P 0 N
A 118.0592 16.9672 118.0592 16.9672 117.5512 16.9672 0 P 0 N
A 118.3386 106.3498 118.3386 106.3498 117.8306 106.3498 0 P 0 N
A 118.86144122 38.2049401 118.86144122 38.2049401 118.35344122 38.2049401 0 P 0 N
A 119.0244 8.4074 119.0244 8.4074 118.5164 8.4074 0 P 0 N
A 119.1006 40.0304 119.1006 40.0304 118.5926 40.0304 0 P 0 N
A 119.1710977 108.72709776 119.1710977 108.72709776 118.6630977 108.72709776 0 P 0 N
A 119.3038 11.7856 119.3038 11.7856 118.7958 11.7856 0 P 0 N
A 120.2436 10.3886 120.2436 10.3886 119.7356 10.3886 0 P 0 N
A 120.2436 30.8356 120.2436 30.8356 119.7356 30.8356 0 P 0 N
A 120.2944 35.7632 120.2944 35.7632 119.7864 35.7632 0 P 0 N
A 120.3706 13.5128 120.3706 13.5128 119.8626 13.5128 0 P 0 N
A 120.396 20.2946 120.396 20.2946 119.888 20.2946 0 P 0 N
A 120.4214 23.7744 120.4214 23.7744 119.9134 23.7744 0 P 0 N
A 120.8532 2.8956 120.8532 2.8956 120.3452 2.8956 0 P 0 N
A 120.8532 6.7564 120.8532 6.7564 120.3452 6.7564 0 P 0 N
A 121.3104 111.125 121.3104 111.125 120.8024 111.125 0 P 0 N
A 121.3866 106.3752 121.3866 106.3752 120.8786 106.3752 0 P 0 N
A 121.6152 34.2392 121.6152 34.2392 121.1072 34.2392 0 P 0 N
A 122.70261464 14.36079424 122.70261464 14.36079424 122.19461464 14.36079424 0 P 0 N
A 122.72499966 19.29619966 122.72499966 19.29619966 122.21699966 19.29619966 0 P 0 N
A 122.7328 28.2956 122.7328 28.2956 122.2248 28.2956 0 P 0 N
A 122.8598 24.13 122.8598 24.13 122.3518 24.13 0 P 0 N
A 122.8852 2.8448 122.8852 2.8448 122.3772 2.8448 0 P 0 N
A 122.8852 18.1864 122.8852 18.1864 122.3772 18.1864 0 P 0 N
A 122.88534478 13.69978464 122.88534478 13.69978464 122.37734478 13.69978464 0 P 0 N
A 123.3678 32.0294 123.3678 32.0294 122.8598 32.0294 0 P 0 N
A 124.4346 106.8832 124.4346 106.8832 123.9266 106.8832 0 P 0 N
A 124.5362 108.458 124.5362 108.458 124.0282 108.458 0 P 0 N
A 124.6124 105.41 124.6124 105.41 124.1044 105.41 0 P 0 N
A 126.6698 8.9154 126.6698 8.9154 126.1618 8.9154 0 P 0 N
A 126.7714 13.4874 126.7714 13.4874 126.2634 13.4874 0 P 0 N
A 126.92140224 7.41919776 126.92140224 7.41919776 126.41340224 7.41919776 0 P 0 N
A 127.635 107.7722 127.635 107.7722 127.127 107.7722 0 P 0 N
A 127.69890132 109.53709868 127.69890132 109.53709868 127.19090132 109.53709868 0 P 0 N
A 127.8128 105.41 127.8128 105.41 127.3048 105.41 0 P 0 N
A 127.87749888 8.3752944 127.87749888 8.3752944 127.36949888 8.3752944 0 P 0 N
A 127.889 19.3802 127.889 19.3802 127.381 19.3802 0 P 0 N
A 127.889 108.4072 127.889 108.4072 127.381 108.4072 0 P 0 N
A 127.9144 16.7386 127.9144 16.7386 127.4064 16.7386 0 P 0 N
A 127.9144 17.907 127.9144 17.907 127.4064 17.907 0 P 0 N
A 127.9144 20.8788 127.9144 20.8788 127.4064 20.8788 0 P 0 N
A 127.9144 22.3266 127.9144 22.3266 127.4064 22.3266 0 P 0 N
A 127.9144 26.7462 127.9144 26.7462 127.4064 26.7462 0 P 0 N
A 127.9398 23.7998 127.9398 23.7998 127.4318 23.7998 0 P 0 N
A 127.9652 25.2476 127.9652 25.2476 127.4572 25.2476 0 P 0 N
A 128.016 106.9086 128.016 106.9086 127.508 106.9086 0 P 0 N
A 129.286 37.4142 129.286 37.4142 128.778 37.4142 0 P 0 N
A 129.3114 112.0648 129.3114 112.0648 128.8034 112.0648 0 P 0 N
A 129.5654 115.0366 129.5654 115.0366 129.0574 115.0366 0 P 0 N
A 129.667 38.227 129.667 38.227 129.159 38.227 0 P 0 N
A 130.0734 10.0838 130.0734 10.0838 129.5654 10.0838 0 P 0 N
A 130.5052 42.6466 130.5052 42.6466 129.9972 42.6466 0 P 0 N
A 130.5306 39.4208 130.5306 39.4208 130.0226 39.4208 0 P 0 N
A 130.5306 40.4876 130.5306 40.4876 130.0226 40.4876 0 P 0 N
A 130.5306 41.5544 130.5306 41.5544 130.0226 41.5544 0 P 0 N
A 130.5814 38.5318 130.5814 38.5318 130.0734 38.5318 0 P 0 N
A 130.86919978 110.202599 130.86919978 110.202599 130.36119978 110.202599 0 P 0 N
A 130.87860032 106.5505997 130.87860032 106.5505997 130.37060032 106.5505997 0 P 0 N
A 130.87860032 107.45653134 130.87860032 107.45653134 130.37060032 107.45653134 0 P 0 N
A 130.87860032 108.36246298 130.87860032 108.36246298 130.37060032 108.36246298 0 P 0 N
A 130.87860032 109.26839462 130.87860032 109.26839462 130.37060032 109.26839462 0 P 0 N
A 131.80570032 106.5251997 131.80570032 106.5251997 131.29770032 106.5251997 0 P 0 N
A 131.80570032 107.4395997 131.80570032 107.4395997 131.29770032 107.4395997 0 P 0 N
A 131.80570032 108.3539997 131.80570032 108.3539997 131.29770032 108.3539997 0 P 0 N
A 131.80570032 109.2683997 131.80570032 109.2683997 131.29770032 109.2683997 0 P 0 N
A 131.80669854 110.202599 131.80669854 110.202599 131.29869854 110.202599 0 P 0 N
A 131.826 16.0782 131.826 16.0782 131.318 16.0782 0 P 0 N
A 132.2578 22.1996 132.2578 22.1996 131.7498 22.1996 0 P 0 N
A 132.73280032 106.5251997 132.73280032 106.5251997 132.22480032 106.5251997 0 P 0 N
A 132.73280032 107.4395997 132.73280032 107.4395997 132.22480032 107.4395997 0 P 0 N
A 132.73280032 108.3539997 132.73280032 108.3539997 132.22480032 108.3539997 0 P 0 N
A 132.73280032 109.2683997 132.73280032 109.2683997 132.22480032 109.2683997 0 P 0 N
A 132.7441973 110.202599 132.7441973 110.202599 132.2361973 110.202599 0 P 0 N
A 133.9596 39.751 133.9596 39.751 133.4516 39.751 0 P 0 N
A 133.985 38.735 133.985 38.735 133.477 38.735 0 P 0 N
A 134.3406 115.0874 134.3406 115.0874 133.8326 115.0874 0 P 0 N
A 134.7978 37.4142 134.7978 37.4142 134.2898 37.4142 0 P 0 N
A 135.37160124 26.65960124 135.37160124 26.65960124 134.86360124 26.65960124 0 P 0 N
A 135.7122 107.7468 135.7122 107.7468 135.2042 107.7468 0 P 0 N
A 136.4488 105.3846 136.4488 105.3846 135.9408 105.3846 0 P 0 N
A 136.50786008 36.08439824 136.50786008 36.08439824 135.99986008 36.08439824 0 P 0 N
A 136.53729868 109.51169868 136.53729868 109.51169868 136.02929868 109.51169868 0 P 0 N
A 137.30480032 6.0000007 137.30480032 6.0000007 137.00000032 6.0000007 1 P 0 N
A 137.30480032 129.00000108 137.30480032 129.00000108 137.00000032 129.00000108 1 P 0 N
A 137.37709888 107.6706 137.37709888 107.6706 136.86909888 107.6706 0 P 0 N
A 137.50800032 6.0000007 137.50800032 6.0000007 137.00000032 6.0000007 0 P 0 N
A 137.50800032 129.00000108 137.50800032 129.00000108 137.00000032 129.00000108 0 P 0 N
A 137.5156 32.5374 137.5156 32.5374 137.0076 32.5374 0 P 0 N
A 138.3538 30.5816 138.3538 30.5816 137.8458 30.5816 0 P 0 N
A 139.065 34.2646 139.065 34.2646 138.557 34.2646 0 P 0 N
A 139.6238 109.9566 139.6238 109.9566 139.1158 109.9566 0 P 0 N
A 139.6492 105.3846 139.6492 105.3846 139.1412 105.3846 0 P 0 N
L 6.30199908 119.39599946 6.30199908 119.90399946 2 P 0
L 6.30199908 119.39599946 6.55599908 119.39599946 2 P 0
L 6.30199908 119.90399946 6.55599908 119.90399946 2 P 0
L 6.55599908 119.14199946 6.55599908 119.39599946 2 P 0
L 6.55599908 119.14199946 7.06399908 119.14199946 2 P 0
L 6.55599908 119.90399946 6.55599908 120.15799946 2 P 0
L 6.55599908 120.15799946 7.06399908 120.15799946 2 P 0
L 7.06399908 119.14199946 7.06399908 119.39599946 2 P 0
L 7.06399908 119.39599946 7.31799908 119.39599946 2 P 0
L 7.06399908 119.90399946 7.06399908 120.15799946 2 P 0
L 7.06399908 119.90399946 7.31799908 119.90399946 2 P 0
L 7.31799908 119.39599946 7.31799908 119.90399946 2 P 0
L 8.80199916 119.39599946 8.80199916 119.90399946 2 P 0
L 8.80199916 119.39599946 9.05599916 119.39599946 2 P 0
L 8.80199916 119.90399946 9.05599916 119.90399946 2 P 0
L 9.05599916 119.14199946 9.05599916 119.39599946 2 P 0
L 9.05599916 119.14199946 9.56399916 119.14199946 2 P 0
L 9.05599916 119.90399946 9.05599916 120.15799946 2 P 0
L 9.05599916 120.15799946 9.56399916 120.15799946 2 P 0
L 9.56399916 119.14199946 9.56399916 119.39599946 2 P 0
L 9.56399916 119.39599946 9.81799916 119.39599946 2 P 0
L 9.56399916 119.90399946 9.56399916 120.15799946 2 P 0
L 9.56399916 119.90399946 9.81799916 119.90399946 2 P 0
L 9.81799916 119.39599946 9.81799916 119.90399946 2 P 0
L 11.30199924 119.39599946 11.30199924 119.90399946 2 P 0
L 11.30199924 119.39599946 11.55599924 119.39599946 2 P 0
L 11.30199924 119.90399946 11.55599924 119.90399946 2 P 0
L 11.34199916 32.4120002 11.34199916 32.6660002 2 P 0
L 11.34199916 32.4120002 11.59599916 32.4120002 2 P 0
L 11.34199916 32.6660002 11.59599916 32.9200002 2 P 0
L 11.34199916 33.1740002 11.34199916 33.4280002 2 P 0
L 11.34199916 33.1740002 11.59599916 32.9200002 2 P 0
L 11.34199916 33.4280002 11.59599916 33.4280002 2 P 0
L 11.55599924 119.14199946 11.55599924 119.39599946 2 P 0
L 11.55599924 119.14199946 12.06399924 119.14199946 2 P 0
L 11.55599924 119.90399946 11.55599924 120.15799946 2 P 0
L 11.55599924 120.15799946 12.06399924 120.15799946 2 P 0
L 11.59599916 32.4120002 11.84999916 32.6660002 2 P 0
L 11.59599916 33.4280002 11.84999916 33.1740002 2 P 0
L 11.84999916 32.6660002 12.10399916 32.4120002 2 P 0
L 11.84999916 33.1740002 12.10399916 33.4280002 2 P 0
L 12.06399924 119.14199946 12.06399924 119.39599946 2 P 0
L 12.06399924 119.39599946 12.31799924 119.39599946 2 P 0
L 12.06399924 119.90399946 12.06399924 120.15799946 2 P 0
L 12.06399924 119.90399946 12.31799924 119.90399946 2 P 0
L 12.10399916 32.4120002 12.35799916 32.4120002 2 P 0
L 12.10399916 32.9200002 12.35799916 32.6660002 2 P 0
L 12.10399916 32.9200002 12.35799916 33.1740002 2 P 0
L 12.10399916 33.4280002 12.35799916 33.4280002 2 P 0
L 12.31799924 119.39599946 12.31799924 119.90399946 2 P 0
L 12.35799916 32.4120002 12.35799916 32.6660002 2 P 0
L 12.35799916 33.1740002 12.35799916 33.4280002 2 P 0
L 12.4968 3.8862 12.4968 4.9022 2 P 0
L 12.4968 3.8862 13.5128 3.8862 2 P 0
L 12.4968 4.9022 13.5128 4.9022 2 P 0
L 12.55199928 117.8019996 12.80599928 118.3099996 2 P 0
L 12.55199928 117.8019996 13.05999928 118.0559996 2 P 0
L 12.55199928 118.8179996 12.80599928 118.3099996 2 P 0
L 12.55199928 118.8179996 13.05999928 118.5639996 2 P 0
L 13.05999928 118.0559996 13.56799928 117.8019996 2 P 0
L 13.05999928 118.5639996 13.56799928 118.8179996 2 P 0
L 13.09200074 30.68999958 13.60000074 30.18199958 2 P 0
L 13.09200074 30.68999958 13.60000074 31.19799958 2 P 0
L 13.31399928 118.3099996 13.56799928 117.8019996 2 P 0
L 13.31399928 118.3099996 13.56799928 118.8179996 2 P 0
L 13.5128 3.8862 13.5128 4.9022 2 P 0
L 13.60000074 30.18199958 14.10800074 30.68999958 2 P 0
L 13.60000074 31.19799958 14.10800074 30.68999958 2 P 0
L 13.80199932 119.39599946 13.80199932 119.90399946 2 P 0
L 13.80199932 119.39599946 14.05599932 119.39599946 2 P 0
L 13.80199932 119.90399946 14.05599932 119.90399946 2 P 0
L 14.05599932 119.14199946 14.05599932 119.39599946 2 P 0
L 14.05599932 119.14199946 14.56399932 119.14199946 2 P 0
L 14.05599932 119.90399946 14.05599932 120.15799946 2 P 0
L 14.05599932 120.15799946 14.56399932 120.15799946 2 P 0
L 14.56399932 119.14199946 14.56399932 119.39599946 2 P 0
L 14.56399932 119.39599946 14.81799932 119.39599946 2 P 0
L 14.56399932 119.90399946 14.56399932 120.15799946 2 P 0
L 14.56399932 119.90399946 14.81799932 119.90399946 2 P 0
L 14.81799932 119.39599946 14.81799932 119.90399946 2 P 0
L 14.84200232 32.4120002 14.84200232 32.6660002 2 P 0
L 14.84200232 32.4120002 15.09600232 32.4120002 2 P 0
L 14.84200232 32.6660002 15.09600232 32.9200002 2 P 0
L 14.84200232 33.1740002 14.84200232 33.4280002 2 P 0
L 14.84200232 33.1740002 15.09600232 32.9200002 2 P 0
L 14.84200232 33.4280002 15.09600232 33.4280002 2 P 0
L 15.09600232 32.4120002 15.35000232 32.6660002 2 P 0
L 15.09600232 33.4280002 15.35000232 33.1740002 2 P 0
L 15.35000232 32.6660002 15.60400232 32.4120002 2 P 0
L 15.35000232 33.1740002 15.60400232 33.4280002 2 P 0
L 15.60400232 32.4120002 15.85800232 32.4120002 2 P 0
L 15.60400232 32.9200002 15.85800232 32.6660002 2 P 0
L 15.60400232 32.9200002 15.85800232 33.1740002 2 P 0
L 15.60400232 33.4280002 15.85800232 33.4280002 2 P 0
L 15.85800232 32.4120002 15.85800232 32.6660002 2 P 0
L 15.85800232 33.1740002 15.85800232 33.4280002 2 P 0
L 16.3019994 119.39599946 16.3019994 119.90399946 2 P 0
L 16.3019994 119.39599946 16.5559994 119.39599946 2 P 0
L 16.3019994 119.90399946 16.5559994 119.90399946 2 P 0
L 16.5559994 119.14199946 16.5559994 119.39599946 2 P 0
L 16.5559994 119.14199946 17.0639994 119.14199946 2 P 0
L 16.5559994 119.90399946 16.5559994 120.15799946 2 P 0
L 16.5559994 120.15799946 17.0639994 120.15799946 2 P 0
L 17.0639994 119.14199946 17.0639994 119.39599946 2 P 0
L 17.0639994 119.39599946 17.3179994 119.39599946 2 P 0
L 17.0639994 119.90399946 17.0639994 120.15799946 2 P 0
L 17.0639994 119.90399946 17.3179994 119.90399946 2 P 0
L 17.3179994 119.39599946 17.3179994 119.90399946 2 P 0
L 17.907 3.7592 17.907 4.7752 2 P 0
L 17.907 3.7592 18.923 3.7592 2 P 0
L 17.907 4.7752 18.923 4.7752 2 P 0
L 18.80199948 119.39599946 18.80199948 119.90399946 2 P 0
L 18.80199948 119.39599946 19.05599948 119.39599946 2 P 0
L 18.80199948 119.90399946 19.05599948 119.90399946 2 P 0
L 18.923 3.7592 18.923 4.7752 2 P 0
L 19.05599948 119.14199946 19.05599948 119.39599946 2 P 0
L 19.05599948 119.14199946 19.56399948 119.14199946 2 P 0
L 19.05599948 119.90399946 19.05599948 120.15799946 2 P 0
L 19.05599948 120.15799946 19.56399948 120.15799946 2 P 0
L 19.56399948 119.14199946 19.56399948 119.39599946 2 P 0
L 19.56399948 119.39599946 19.81799948 119.39599946 2 P 0
L 19.56399948 119.90399946 19.56399948 120.15799946 2 P 0
L 19.56399948 119.90399946 19.81799948 119.90399946 2 P 0
L 19.81799948 119.39599946 19.81799948 119.90399946 2 P 0
L 24.9936 5.0546 25.5016 4.0386 2 P 0
L 24.9936 5.0546 26.0096 5.0546 2 P 0
L 24.9936 6.3246 25.5016 5.3086 2 P 0
L 24.9936 6.3246 26.0096 6.3246 2 P 0
L 25.5016 4.0386 26.0096 5.0546 2 P 0
L 25.5016 5.3086 26.0096 6.3246 2 P 0
L 26.24199984 119.39599946 26.24199984 119.90399946 2 P 0
L 26.24199984 119.39599946 26.49599984 119.39599946 2 P 0
L 26.24199984 119.90399946 26.49599984 119.90399946 2 P 0
L 26.2636 5.0546 26.7716 4.0386 2 P 0
L 26.2636 5.0546 27.2796 5.0546 2 P 0
L 26.2636 6.3246 26.7716 5.3086 2 P 0
L 26.2636 6.3246 27.2796 6.3246 2 P 0
L 26.3119997 31.48600002 26.3119997 31.99400002 2 P 0
L 26.3119997 31.48600002 26.5659997 31.48600002 2 P 0
L 26.3119997 31.99400002 26.5659997 31.99400002 2 P 0
L 26.49199934 22.24600072 26.74599934 22.24600072 2 P 0
L 26.49199934 22.24600072 26.74599934 22.50000072 2 P 0
L 26.49199934 22.75400072 26.74599934 22.50000072 2 P 0
L 26.49199934 22.75400072 26.74599934 22.75400072 2 P 0
L 26.49599984 119.14199946 26.49599984 119.39599946 2 P 0
L 26.49599984 119.14199946 27.00399984 119.14199946 2 P 0
L 26.49599984 119.90399946 26.49599984 120.15799946 2 P 0
L 26.49599984 120.15799946 27.00399984 120.15799946 2 P 0
L 26.5659997 31.23200002 26.5659997 31.48600002 2 P 0
L 26.5659997 31.23200002 27.0739997 31.23200002 2 P 0
L 26.5659997 31.99400002 26.5659997 32.24800002 2 P 0
L 26.5659997 32.24800002 27.0739997 32.24800002 2 P 0
L 26.69519934 22.34760072 26.84759934 22.34760072 2 P 0
L 26.69519934 22.34760072 26.84759934 22.50000072 2 P 0
L 26.69519934 22.65240072 26.84759934 22.50000072 2 P 0
L 26.69519934 22.65240072 26.84759934 22.65240072 2 P 0
L 26.74599934 22.24600072 26.99999934 21.99200072 2 P 0
L 26.74599934 22.75400072 26.99999934 23.00800072 2 P 0
L 26.7716 4.0386 27.2796 5.0546 2 P 0
L 26.7716 5.3086 27.2796 6.3246 2 P 0
L 26.84759934 22.34760072 26.99999934 22.19520072 2 P 0
L 26.84759934 22.65240072 26.99999934 22.80480072 2 P 0
L 26.99999934 21.99200072 27.25399934 22.24600072 2 P 0
L 26.99999934 22.19520072 27.15239934 22.34760072 2 P 0
L 26.99999934 22.80480072 27.15239934 22.65240072 2 P 0
L 26.99999934 23.00800072 27.25399934 22.75400072 2 P 0
L 27.00399984 119.14199946 27.00399984 119.39599946 2 P 0
L 27.00399984 119.39599946 27.25799984 119.39599946 2 P 0
L 27.00399984 119.90399946 27.00399984 120.15799946 2 P 0
L 27.00399984 119.90399946 27.25799984 119.90399946 2 P 0
L 27.0739997 31.23200002 27.0739997 31.48600002 2 P 0
L 27.0739997 31.48600002 27.3279997 31.48600002 2 P 0
L 27.0739997 31.99400002 27.0739997 32.24800002 2 P 0
L 27.0739997 31.99400002 27.3279997 31.99400002 2 P 0
L 27.15239934 22.34760072 27.30479934 22.34760072 2 P 0
L 27.15239934 22.50000072 27.30479934 22.34760072 2 P 0
L 27.15239934 22.50000072 27.30479934 22.65240072 2 P 0
L 27.15239934 22.65240072 27.30479934 22.65240072 2 P 0
L 27.25399934 22.24600072 27.50799934 22.24600072 2 P 0
L 27.25399934 22.50000072 27.50799934 22.24600072 2 P 0
L 27.25399934 22.50000072 27.50799934 22.75400072 2 P 0
L 27.25399934 22.75400072 27.50799934 22.75400072 2 P 0
L 27.25799984 119.39599946 27.25799984 119.90399946 2 P 0
L 27.3279997 31.48600002 27.3279997 31.99400002 2 P 0
L 27.5336 5.0546 28.0416 4.0386 2 P 0
L 27.5336 5.0546 28.5496 5.0546 2 P 0
L 27.5336 6.3246 28.0416 5.3086 2 P 0
L 27.5336 6.3246 28.5496 6.3246 2 P 0
L 28.0416 4.0386 28.5496 5.0546 2 P 0
L 28.0416 5.3086 28.5496 6.3246 2 P 0
L 28.74199992 119.39599946 28.74199992 119.90399946 2 P 0
L 28.74199992 119.39599946 28.99599992 119.39599946 2 P 0
L 28.74199992 119.90399946 28.99599992 119.90399946 2 P 0
L 28.8036 5.0546 29.3116 4.0386 2 P 0
L 28.8036 5.0546 29.8196 5.0546 2 P 0
L 28.8036 6.3246 29.3116 5.3086 2 P 0
L 28.8036 6.3246 29.8196 6.3246 2 P 0
L 28.81199978 31.48600002 28.81199978 31.99400002 2 P 0
L 28.81199978 31.48600002 29.06599978 31.48600002 2 P 0
L 28.81199978 31.99400002 29.06599978 31.99400002 2 P 0
L 28.99599992 119.14199946 28.99599992 119.39599946 2 P 0
L 28.99599992 119.14199946 29.50399992 119.14199946 2 P 0
L 28.99599992 119.90399946 28.99599992 120.15799946 2 P 0
L 28.99599992 120.15799946 29.50399992 120.15799946 2 P 0
L 29.06599978 31.23200002 29.06599978 31.48600002 2 P 0
L 29.06599978 31.23200002 29.57399978 31.23200002 2 P 0
L 29.06599978 31.99400002 29.06599978 32.24800002 2 P 0
L 29.06599978 32.24800002 29.57399978 32.24800002 2 P 0
L 29.3116 4.0386 29.8196 5.0546 2 P 0
L 29.3116 5.3086 29.8196 6.3246 2 P 0
L 29.50399992 119.14199946 29.50399992 119.39599946 2 P 0
L 29.50399992 119.39599946 29.75799992 119.39599946 2 P 0
L 29.50399992 119.90399946 29.50399992 120.15799946 2 P 0
L 29.50399992 119.90399946 29.75799992 119.90399946 2 P 0
L 29.57399978 31.23200002 29.57399978 31.48600002 2 P 0
L 29.57399978 31.48600002 29.82799978 31.48600002 2 P 0
L 29.57399978 31.99400002 29.57399978 32.24800002 2 P 0
L 29.57399978 31.99400002 29.82799978 31.99400002 2 P 0
L 29.75799992 119.39599946 29.75799992 119.90399946 2 P 0
L 29.82799978 31.48600002 29.82799978 31.99400002 2 P 0
L 29.99199996 117.8019996 30.24599996 118.3099996 2 P 0
L 29.99199996 117.8019996 30.49999996 118.0559996 2 P 0
L 29.99199996 118.8179996 30.24599996 118.3099996 2 P 0
L 29.99199996 118.8179996 30.49999996 118.5639996 2 P 0
L 30.0736 5.0546 30.5816 4.0386 2 P 0
L 30.0736 5.0546 31.0896 5.0546 2 P 0
L 30.0736 6.3246 30.5816 5.3086 2 P 0
L 30.0736 6.3246 31.0896 6.3246 2 P 0
L 30.49999996 118.0559996 31.00799996 117.8019996 2 P 0
L 30.49999996 118.5639996 31.00799996 118.8179996 2 P 0
L 30.5816 4.0386 31.0896 5.0546 2 P 0
L 30.5816 5.3086 31.0896 6.3246 2 P 0
L 30.75399996 118.3099996 31.00799996 117.8019996 2 P 0
L 30.75399996 118.3099996 31.00799996 118.8179996 2 P 0
L 31.242 119.39599946 31.242 119.90399946 2 P 0
L 31.242 119.39599946 31.496 119.39599946 2 P 0
L 31.242 119.90399946 31.496 119.90399946 2 P 0
L 31.31199986 31.48600002 31.31199986 31.99400002 2 P 0
L 31.31199986 31.48600002 31.56599986 31.48600002 2 P 0
L 31.31199986 31.99400002 31.56599986 31.99400002 2 P 0
L 31.496 119.14199946 31.496 119.39599946 2 P 0
L 31.496 119.14199946 32.004 119.14199946 2 P 0
L 31.496 119.90399946 31.496 120.15799946 2 P 0
L 31.496 120.15799946 32.004 120.15799946 2 P 0
L 31.56599986 31.23200002 31.56599986 31.48600002 2 P 0
L 31.56599986 31.23200002 32.07399986 31.23200002 2 P 0
L 31.56599986 31.99400002 31.56599986 32.24800002 2 P 0
L 31.56599986 32.24800002 32.07399986 32.24800002 2 P 0
L 32.004 119.14199946 32.004 119.39599946 2 P 0
L 32.004 119.39599946 32.258 119.39599946 2 P 0
L 32.004 119.90399946 32.004 120.15799946 2 P 0
L 32.004 119.90399946 32.258 119.90399946 2 P 0
L 32.07399986 31.23200002 32.07399986 31.48600002 2 P 0
L 32.07399986 31.48600002 32.32799986 31.48600002 2 P 0
L 32.07399986 31.99400002 32.07399986 32.24800002 2 P 0
L 32.07399986 31.99400002 32.32799986 31.99400002 2 P 0
L 32.258 119.39599946 32.258 119.90399946 2 P 0
L 32.32799986 31.48600002 32.32799986 31.99400002 2 P 0
L 32.5619999 32.57199988 32.8159999 33.07999988 2 P 0
L 32.5619999 32.57199988 33.0699999 32.82599988 2 P 0
L 32.5619999 33.58799988 32.8159999 33.07999988 2 P 0
L 32.5619999 33.58799988 33.0699999 33.33399988 2 P 0
L 33.0699999 32.82599988 33.5779999 32.57199988 2 P 0
L 33.0699999 33.33399988 33.5779999 33.58799988 2 P 0
L 33.3239999 33.07999988 33.5779999 32.57199988 2 P 0
L 33.3239999 33.07999988 33.5779999 33.58799988 2 P 0
L 33.74200008 119.39599946 33.74200008 119.90399946 2 P 0
L 33.74200008 119.39599946 33.99600008 119.39599946 2 P 0
L 33.74200008 119.90399946 33.99600008 119.90399946 2 P 0
L 33.81199994 31.48600002 33.81199994 31.99400002 2 P 0
L 33.81199994 31.48600002 34.06599994 31.48600002 2 P 0
L 33.81199994 31.99400002 34.06599994 31.99400002 2 P 0
L 33.99600008 119.14199946 33.99600008 119.39599946 2 P 0
L 33.99600008 119.14199946 34.50400008 119.14199946 2 P 0
L 33.99600008 119.90399946 33.99600008 120.15799946 2 P 0
L 33.99600008 120.15799946 34.50400008 120.15799946 2 P 0
L 34.06599994 31.23200002 34.06599994 31.48600002 2 P 0
L 34.06599994 31.23200002 34.57399994 31.23200002 2 P 0
L 34.06599994 31.99400002 34.06599994 32.24800002 2 P 0
L 34.06599994 32.24800002 34.57399994 32.24800002 2 P 0
L 34.50400008 119.14199946 34.50400008 119.39599946 2 P 0
L 34.50400008 119.39599946 34.75800008 119.39599946 2 P 0
L 34.50400008 119.90399946 34.50400008 120.15799946 2 P 0
L 34.50400008 119.90399946 34.75800008 119.90399946 2 P 0
L 34.57399994 31.23200002 34.57399994 31.48600002 2 P 0
L 34.57399994 31.48600002 34.82799994 31.48600002 2 P 0
L 34.57399994 31.99400002 34.57399994 32.24800002 2 P 0
L 34.57399994 31.99400002 34.82799994 31.99400002 2 P 0
L 34.75800008 119.39599946 34.75800008 119.90399946 2 P 0
L 34.82799994 31.48600002 34.82799994 31.99400002 2 P 0
L 36.31200002 31.48600002 36.31200002 31.99400002 2 P 0
L 36.31200002 31.48600002 36.56600002 31.48600002 2 P 0
L 36.31200002 31.99400002 36.56600002 31.99400002 2 P 0
L 36.56600002 31.23200002 36.56600002 31.48600002 2 P 0
L 36.56600002 31.23200002 37.07400002 31.23200002 2 P 0
L 36.56600002 31.99400002 36.56600002 32.24800002 2 P 0
L 36.56600002 32.24800002 37.07400002 32.24800002 2 P 0
L 36.9920012 128.00800154 37.5000012 126.99200154 2 P 0
L 36.9920012 128.00800154 38.0080012 128.00800154 2 P 0
L 37.07400002 31.23200002 37.07400002 31.48600002 2 P 0
L 37.07400002 31.48600002 37.32800002 31.48600002 2 P 0
L 37.07400002 31.99400002 37.07400002 32.24800002 2 P 0
L 37.07400002 31.99400002 37.32800002 31.99400002 2 P 0
L 37.1952012 127.80480154 37.5000012 127.19520154 2 P 0
L 37.1952012 127.80480154 37.8048012 127.80480154 2 P 0
L 37.32800002 31.48600002 37.32800002 31.99400002 2 P 0
L 37.5000012 126.99200154 38.0080012 128.00800154 2 P 0
L 37.5000012 127.19520154 37.8048012 127.80480154 2 P 0
L 48.49200106 41.49199982 48.74600106 41.99999982 2 P 0
L 48.49200106 41.49199982 49.00000106 41.74599982 2 P 0
L 48.49200106 42.50799982 48.74600106 41.99999982 2 P 0
L 48.49200106 42.50799982 49.00000106 42.25399982 2 P 0
L 48.69520106 41.69519982 48.84760106 41.99999982 2 P 0
L 48.69520106 41.69519982 49.00000106 41.84759982 2 P 0
L 48.69520106 42.30479982 48.84760106 41.99999982 2 P 0
L 48.69520106 42.30479982 49.00000106 42.15239982 2 P 0
L 49.00000106 41.74599982 49.50800106 41.49199982 2 P 0
L 49.00000106 41.84759982 49.30480106 41.69519982 2 P 0
L 49.00000106 42.15239982 49.30480106 42.30479982 2 P 0
L 49.00000106 42.25399982 49.50800106 42.50799982 2 P 0
L 49.15240106 41.99999982 49.30480106 41.69519982 2 P 0
L 49.15240106 41.99999982 49.30480106 42.30479982 2 P 0
L 49.25400106 41.99999982 49.50800106 41.49199982 2 P 0
L 49.25400106 41.99999982 49.50800106 42.50799982 2 P 0
L 49.88699954 124.9426 49.88699954 125.9586 2 P 0
L 49.88699954 124.9426 50.90299954 124.9426 2 P 0
L 49.88699954 125.9586 50.90299954 125.9586 2 P 0
L 49.9364 87.5538 49.9364 88.5698 2 P 0
L 49.9364 87.5538 50.9524 87.5538 2 P 0
L 49.9364 88.5698 50.9524 88.5698 2 P 0
L 50.09019954 125.1458 50.09019954 125.7554 2 P 0
L 50.09019954 125.1458 50.69979954 125.1458 2 P 0
L 50.09019954 125.7554 50.69979954 125.7554 2 P 0
L 50.69979954 125.1458 50.69979954 125.7554 2 P 0
L 50.90299954 124.9426 50.90299954 125.9586 2 P 0
L 50.9524 87.5538 50.9524 88.5698 2 P 0
L 53.23700046 124.9426 53.23700046 125.9586 2 P 0
L 53.23700046 124.9426 54.25300046 124.9426 2 P 0
L 53.23700046 125.9586 54.25300046 125.9586 2 P 0
L 53.44020046 125.1458 53.44020046 125.7554 2 P 0
L 53.44020046 125.1458 54.04980046 125.1458 2 P 0
L 53.44020046 125.7554 54.04980046 125.7554 2 P 0
L 54.04980046 125.1458 54.04980046 125.7554 2 P 0
L 54.25300046 124.9426 54.25300046 125.9586 2 P 0
L 54.9402 70.0278 54.9402 71.0438 2 P 0
L 54.9402 70.0278 55.9562 70.0278 2 P 0
L 54.9402 71.0438 55.9562 71.0438 2 P 0
L 55.2704 44.3484 55.2704 45.3644 2 P 0
L 55.2704 44.3484 56.2864 44.3484 2 P 0
L 55.2704 45.3644 56.2864 45.3644 2 P 0
L 55.9562 70.0278 55.9562 71.0438 2 P 0
L 56.2864 44.3484 56.2864 45.3644 2 P 0
L 59.3852 44.3484 59.3852 45.3644 2 P 0
L 59.3852 44.3484 60.4012 44.3484 2 P 0
L 59.3852 45.3644 60.4012 45.3644 2 P 0
L 60.4012 44.3484 60.4012 45.3644 2 P 0
L 64.6176 58.0898 64.6176 59.1058 2 P 0
L 64.6176 58.0898 65.6336 58.0898 2 P 0
L 64.6176 59.1058 65.6336 59.1058 2 P 0
L 65.6336 58.0898 65.6336 59.1058 2 P 0
L 66.0146 11.0236 66.2686 11.0236 2 P 0
L 66.0146 11.0236 66.2686 11.2776 2 P 0
L 66.0146 11.5316 66.2686 11.2776 2 P 0
L 66.0146 11.5316 66.2686 11.5316 2 P 0
L 66.2686 11.0236 66.5226 10.7696 2 P 0
L 66.2686 11.5316 66.5226 11.7856 2 P 0
L 66.5226 10.7696 66.7766 11.0236 2 P 0
L 66.5226 11.7856 66.7766 11.5316 2 P 0
L 66.7766 11.0236 67.0306 11.0236 2 P 0
L 66.7766 11.2776 67.0306 11.0236 2 P 0
L 66.7766 11.2776 67.0306 11.5316 2 P 0
L 66.7766 11.5316 67.0306 11.5316 2 P 0
L 68.5546 11.0236 68.8086 11.0236 2 P 0
L 68.5546 11.0236 68.8086 11.2776 2 P 0
L 68.5546 11.5316 68.8086 11.2776 2 P 0
L 68.5546 11.5316 68.8086 11.5316 2 P 0
L 68.8086 11.0236 69.0626 10.7696 2 P 0
L 68.8086 11.5316 69.0626 11.7856 2 P 0
L 69.0626 10.7696 69.3166 11.0236 2 P 0
L 69.0626 11.7856 69.3166 11.5316 2 P 0
L 69.3166 11.0236 69.5706 11.0236 2 P 0
L 69.3166 11.2776 69.5706 11.0236 2 P 0
L 69.3166 11.2776 69.5706 11.5316 2 P 0
L 69.3166 11.5316 69.5706 11.5316 2 P 0
L 72.2376 79.502 72.2376 80.518 2 P 0
L 72.2376 79.502 73.2536 79.502 2 P 0
L 72.2376 80.518 73.2536 80.518 2 P 0
L 73.2536 79.502 73.2536 80.518 2 P 0
L 76.2508 38.8874 76.2508 39.9034 2 P 0
L 76.2508 38.8874 77.2668 38.8874 2 P 0
L 76.2508 39.9034 77.2668 39.9034 2 P 0
L 77.2668 38.8874 77.2668 39.9034 2 P 0
L 83.9978 94.8944 83.9978 95.1484 2 P 0
L 83.9978 94.8944 84.2518 94.8944 2 P 0
L 83.9978 95.1484 84.2518 95.4024 2 P 0
L 83.9978 95.6564 83.9978 95.9104 2 P 0
L 83.9978 95.6564 84.2518 95.4024 2 P 0
L 83.9978 95.9104 84.2518 95.9104 2 P 0
L 84.2518 94.8944 84.5058 95.1484 2 P 0
L 84.2518 95.9104 84.5058 95.6564 2 P 0
L 84.5058 95.1484 84.7598 94.8944 2 P 0
L 84.5058 95.6564 84.7598 95.9104 2 P 0
L 84.7598 94.8944 85.0138 94.8944 2 P 0
L 84.7598 95.4024 85.0138 95.1484 2 P 0
L 84.7598 95.4024 85.0138 95.6564 2 P 0
L 84.7598 95.9104 85.0138 95.9104 2 P 0
L 85.0138 94.8944 85.0138 95.1484 2 P 0
L 85.0138 95.6564 85.0138 95.9104 2 P 0
L 85.74780158 93.17239938 86.25580158 92.66439938 2 P 0
L 85.74780158 93.17239938 86.25580158 93.68039938 2 P 0
L 86.25580158 92.66439938 86.76380158 93.17239938 2 P 0
L 86.25580158 93.68039938 86.76380158 93.17239938 2 P 0
L 87.49780316 94.8944 87.49780316 95.1484 2 P 0
L 87.49780316 94.8944 87.75180316 94.8944 2 P 0
L 87.49780316 95.1484 87.75180316 95.4024 2 P 0
L 87.49780316 95.6564 87.49780316 95.9104 2 P 0
L 87.49780316 95.6564 87.75180316 95.4024 2 P 0
L 87.49780316 95.9104 87.75180316 95.9104 2 P 0
L 87.75180316 94.8944 88.00580316 95.1484 2 P 0
L 87.75180316 95.9104 88.00580316 95.6564 2 P 0
L 88.00580316 95.1484 88.25980316 94.8944 2 P 0
L 88.00580316 95.6564 88.25980316 95.9104 2 P 0
L 88.25980316 94.8944 88.51380316 94.8944 2 P 0
L 88.25980316 95.4024 88.51380316 95.1484 2 P 0
L 88.25980316 95.4024 88.51380316 95.6564 2 P 0
L 88.25980316 95.9104 88.51380316 95.9104 2 P 0
L 88.51380316 94.8944 88.51380316 95.1484 2 P 0
L 88.51380316 95.6564 88.51380316 95.9104 2 P 0
L 90.16459996 128.00979986 90.16459996 128.51779986 2 P 0
L 90.16459996 128.00979986 90.41859996 128.00979986 2 P 0
L 90.16459996 128.51779986 90.41859996 128.51779986 2 P 0
L 90.41859996 127.75579986 90.41859996 128.00979986 2 P 0
L 90.41859996 127.75579986 90.92659996 127.75579986 2 P 0
L 90.41859996 128.51779986 90.41859996 128.77179986 2 P 0
L 90.41859996 128.77179986 90.92659996 128.77179986 2 P 0
L 90.92659996 127.75579986 90.92659996 128.00979986 2 P 0
L 90.92659996 128.00979986 91.18059996 128.00979986 2 P 0
L 90.92659996 128.51779986 90.92659996 128.77179986 2 P 0
L 90.92659996 128.51779986 91.18059996 128.51779986 2 P 0
L 91.18059996 128.00979986 91.18059996 128.51779986 2 P 0
L 91.4146 126.4158 91.6686 126.9238 2 P 0
L 91.4146 126.4158 91.9226 126.6698 2 P 0
L 91.4146 127.4318 91.6686 126.9238 2 P 0
L 91.4146 127.4318 91.9226 127.1778 2 P 0
L 91.9226 126.6698 92.4306 126.4158 2 P 0
L 91.9226 127.1778 92.4306 127.4318 2 P 0
L 92.1766 126.9238 92.4306 126.4158 2 P 0
L 92.1766 126.9238 92.4306 127.4318 2 P 0
L 92.66460004 128.00979986 92.66460004 128.51779986 2 P 0
L 92.66460004 128.00979986 92.91860004 128.00979986 2 P 0
L 92.66460004 128.51779986 92.91860004 128.51779986 2 P 0
L 92.91860004 127.75579986 92.91860004 128.00979986 2 P 0
L 92.91860004 127.75579986 93.42660004 127.75579986 2 P 0
L 92.91860004 128.51779986 92.91860004 128.77179986 2 P 0
L 92.91860004 128.77179986 93.42660004 128.77179986 2 P 0
L 93.42660004 127.75579986 93.42660004 128.00979986 2 P 0
L 93.42660004 128.00979986 93.68060004 128.00979986 2 P 0
L 93.42660004 128.51779986 93.42660004 128.77179986 2 P 0
L 93.42660004 128.51779986 93.68060004 128.51779986 2 P 0
L 93.68060004 128.00979986 93.68060004 128.51779986 2 P 0
L 94.06636 94.8944 94.06636 95.1484 2 P 0
L 94.06636 94.8944 94.32036 94.8944 2 P 0
L 94.06636 95.1484 94.32036 95.4024 2 P 0
L 94.06636 95.6564 94.06636 95.9104 2 P 0
L 94.06636 95.6564 94.32036 95.4024 2 P 0
L 94.06636 95.9104 94.32036 95.9104 2 P 0
L 94.32036 94.8944 94.57436 95.1484 2 P 0
L 94.32036 95.9104 94.57436 95.6564 2 P 0
L 94.57436 95.1484 94.82836 94.8944 2 P 0
L 94.57436 95.6564 94.82836 95.9104 2 P 0
L 94.82836 94.8944 95.08236 94.8944 2 P 0
L 94.82836 95.4024 95.08236 95.1484 2 P 0
L 94.82836 95.4024 95.08236 95.6564 2 P 0
L 94.82836 95.9104 95.08236 95.9104 2 P 0
L 94.9452 39.0652 94.9452 40.0812 2 P 0
L 94.9452 39.0652 95.9612 39.0652 2 P 0
L 94.9452 40.0812 95.9612 40.0812 2 P 0
L 95.08236 94.8944 95.08236 95.1484 2 P 0
L 95.08236 95.6564 95.08236 95.9104 2 P 0
L 95.81636158 93.17239938 96.32436158 92.66439938 2 P 0
L 95.81636158 93.17239938 96.32436158 93.68039938 2 P 0
L 95.9612 39.0652 95.9612 40.0812 2 P 0
L 96.32436158 92.66439938 96.83236158 93.17239938 2 P 0
L 96.32436158 93.68039938 96.83236158 93.17239938 2 P 0
L 97.56636316 94.8944 97.56636316 95.1484 2 P 0
L 97.56636316 94.8944 97.82036316 94.8944 2 P 0
L 97.56636316 95.1484 97.82036316 95.4024 2 P 0
L 97.56636316 95.6564 97.56636316 95.9104 2 P 0
L 97.56636316 95.6564 97.82036316 95.4024 2 P 0
L 97.56636316 95.9104 97.82036316 95.9104 2 P 0
L 97.82036316 94.8944 98.07436316 95.1484 2 P 0
L 97.82036316 95.9104 98.07436316 95.6564 2 P 0
L 98.07436316 95.1484 98.32836316 94.8944 2 P 0
L 98.07436316 95.6564 98.32836316 95.9104 2 P 0
L 98.32836316 94.8944 98.58236316 94.8944 2 P 0
L 98.32836316 95.4024 98.58236316 95.1484 2 P 0
L 98.32836316 95.4024 98.58236316 95.6564 2 P 0
L 98.32836316 95.9104 98.58236316 95.9104 2 P 0
L 98.58236316 94.8944 98.58236316 95.1484 2 P 0
L 98.58236316 95.6564 98.58236316 95.9104 2 P 0
L 102.0318 1.9558 102.2858 1.9558 2 P 0
L 102.0318 1.9558 102.2858 2.2098 2 P 0
L 102.0318 2.4638 102.2858 2.2098 2 P 0
L 102.0318 2.4638 102.2858 2.4638 2 P 0
L 102.2858 1.9558 102.5398 1.7018 2 P 0
L 102.2858 2.4638 102.5398 2.7178 2 P 0
L 102.5398 1.7018 102.7938 1.9558 2 P 0
L 102.5398 2.7178 102.7938 2.4638 2 P 0
L 102.7938 1.9558 103.0478 1.9558 2 P 0
L 102.7938 2.2098 103.0478 1.9558 2 P 0
L 102.7938 2.2098 103.0478 2.4638 2 P 0
L 102.7938 2.4638 103.0478 2.4638 2 P 0
L 103.24559996 128.00979986 103.24559996 128.51779986 2 P 0
L 103.24559996 128.00979986 103.49959996 128.00979986 2 P 0
L 103.24559996 128.51779986 103.49959996 128.51779986 2 P 0
L 103.49959996 127.75579986 103.49959996 128.00979986 2 P 0
L 103.49959996 127.75579986 104.00759996 127.75579986 2 P 0
L 103.49959996 128.51779986 103.49959996 128.77179986 2 P 0
L 103.49959996 128.77179986 104.00759996 128.77179986 2 P 0
L 104.00759996 127.75579986 104.00759996 128.00979986 2 P 0
L 104.00759996 128.00979986 104.26159996 128.00979986 2 P 0
L 104.00759996 128.51779986 104.00759996 128.77179986 2 P 0
L 104.00759996 128.51779986 104.26159996 128.51779986 2 P 0
L 104.13492 94.8944 104.13492 95.1484 2 P 0
L 104.13492 94.8944 104.38892 94.8944 2 P 0
L 104.13492 95.1484 104.38892 95.4024 2 P 0
L 104.13492 95.6564 104.13492 95.9104 2 P 0
L 104.13492 95.6564 104.38892 95.4024 2 P 0
L 104.13492 95.9104 104.38892 95.9104 2 P 0
L 104.26159996 128.00979986 104.26159996 128.51779986 2 P 0
L 104.38892 94.8944 104.64292 95.1484 2 P 0
L 104.38892 95.9104 104.64292 95.6564 2 P 0
L 104.4956 126.4158 104.7496 126.9238 2 P 0
L 104.4956 126.4158 105.0036 126.6698 2 P 0
L 104.4956 127.4318 104.7496 126.9238 2 P 0
L 104.4956 127.4318 105.0036 127.1778 2 P 0
L 104.5718 1.9558 104.8258 1.9558 2 P 0
L 104.5718 1.9558 104.8258 2.2098 2 P 0
L 104.5718 2.4638 104.8258 2.2098 2 P 0
L 104.5718 2.4638 104.8258 2.4638 2 P 0
L 104.64292 95.1484 104.89692 94.8944 2 P 0
L 104.64292 95.6564 104.89692 95.9104 2 P 0
L 104.8258 1.9558 105.0798 1.7018 2 P 0
L 104.8258 2.4638 105.0798 2.7178 2 P 0
L 104.89692 94.8944 105.15092 94.8944 2 P 0
L 104.89692 95.4024 105.15092 95.1484 2 P 0
L 104.89692 95.4024 105.15092 95.6564 2 P 0
L 104.89692 95.9104 105.15092 95.9104 2 P 0
L 105.0036 126.6698 105.5116 126.4158 2 P 0
L 105.0036 127.1778 105.5116 127.4318 2 P 0
L 105.0798 1.7018 105.3338 1.9558 2 P 0
L 105.0798 2.7178 105.3338 2.4638 2 P 0
L 105.15092 94.8944 105.15092 95.1484 2 P 0
L 105.15092 95.6564 105.15092 95.9104 2 P 0
L 105.2576 126.9238 105.5116 126.4158 2 P 0
L 105.2576 126.9238 105.5116 127.4318 2 P 0
L 105.3338 1.9558 105.5878 1.9558 2 P 0
L 105.3338 2.2098 105.5878 1.9558 2 P 0
L 105.3338 2.2098 105.5878 2.4638 2 P 0
L 105.3338 2.4638 105.5878 2.4638 2 P 0
L 105.74560004 128.00979986 105.74560004 128.51779986 2 P 0
L 105.74560004 128.00979986 105.99960004 128.00979986 2 P 0
L 105.74560004 128.51779986 105.99960004 128.51779986 2 P 0
L 105.88492158 93.17239938 106.39292158 92.66439938 2 P 0
L 105.88492158 93.17239938 106.39292158 93.68039938 2 P 0
L 105.99960004 127.75579986 105.99960004 128.00979986 2 P 0
L 105.99960004 127.75579986 106.50760004 127.75579986 2 P 0
L 105.99960004 128.51779986 105.99960004 128.77179986 2 P 0
L 105.99960004 128.77179986 106.50760004 128.77179986 2 P 0
L 106.39292158 92.66439938 106.90092158 93.17239938 2 P 0
L 106.39292158 93.68039938 106.90092158 93.17239938 2 P 0
L 106.50760004 127.75579986 106.50760004 128.00979986 2 P 0
L 106.50760004 128.00979986 106.76160004 128.00979986 2 P 0
L 106.50760004 128.51779986 106.50760004 128.77179986 2 P 0
L 106.50760004 128.51779986 106.76160004 128.51779986 2 P 0
L 106.76160004 128.00979986 106.76160004 128.51779986 2 P 0
L 107.63492316 94.8944 107.63492316 95.1484 2 P 0
L 107.63492316 94.8944 107.88892316 94.8944 2 P 0
L 107.63492316 95.1484 107.88892316 95.4024 2 P 0
L 107.63492316 95.6564 107.63492316 95.9104 2 P 0
L 107.63492316 95.6564 107.88892316 95.4024 2 P 0
L 107.63492316 95.9104 107.88892316 95.9104 2 P 0
L 107.88892316 94.8944 108.14292316 95.1484 2 P 0
L 107.88892316 95.9104 108.14292316 95.6564 2 P 0
L 108.14292316 95.1484 108.39692316 94.8944 2 P 0
L 108.14292316 95.6564 108.39692316 95.9104 2 P 0
L 108.24560012 128.00979986 108.24560012 128.51779986 2 P 0
L 108.24560012 128.00979986 108.49960012 128.00979986 2 P 0
L 108.24560012 128.51779986 108.49960012 128.51779986 2 P 0
L 108.39692316 94.8944 108.65092316 94.8944 2 P 0
L 108.39692316 95.4024 108.65092316 95.1484 2 P 0
L 108.39692316 95.4024 108.65092316 95.6564 2 P 0
L 108.39692316 95.9104 108.65092316 95.9104 2 P 0
L 108.49960012 127.75579986 108.49960012 128.00979986 2 P 0
L 108.49960012 127.75579986 109.00760012 127.75579986 2 P 0
L 108.49960012 128.51779986 108.49960012 128.77179986 2 P 0
L 108.49960012 128.77179986 109.00760012 128.77179986 2 P 0
L 108.65092316 94.8944 108.65092316 95.1484 2 P 0
L 108.65092316 95.6564 108.65092316 95.9104 2 P 0
L 109.00760012 127.75579986 109.00760012 128.00979986 2 P 0
L 109.00760012 128.00979986 109.26160012 128.00979986 2 P 0
L 109.00760012 128.51779986 109.00760012 128.77179986 2 P 0
L 109.00760012 128.51779986 109.26160012 128.51779986 2 P 0
L 109.26160012 128.00979986 109.26160012 128.51779986 2 P 0
L 114.20348 94.8944 114.20348 95.1484 2 P 0
L 114.20348 94.8944 114.45748 94.8944 2 P 0
L 114.20348 95.1484 114.45748 95.4024 2 P 0
L 114.20348 95.6564 114.20348 95.9104 2 P 0
L 114.20348 95.6564 114.45748 95.4024 2 P 0
L 114.20348 95.9104 114.45748 95.9104 2 P 0
L 114.45748 94.8944 114.71148 95.1484 2 P 0
L 114.45748 95.9104 114.71148 95.6564 2 P 0
L 114.71148 95.1484 114.96548 94.8944 2 P 0
L 114.71148 95.6564 114.96548 95.9104 2 P 0
L 114.96548 94.8944 115.21948 94.8944 2 P 0
L 114.96548 95.4024 115.21948 95.1484 2 P 0
L 114.96548 95.4024 115.21948 95.6564 2 P 0
L 114.96548 95.9104 115.21948 95.9104 2 P 0
L 115.21948 94.8944 115.21948 95.1484 2 P 0
L 115.21948 95.6564 115.21948 95.9104 2 P 0
L 115.95348158 93.17239938 116.46148158 92.66439938 2 P 0
L 115.95348158 93.17239938 116.46148158 93.68039938 2 P 0
L 116.46148158 92.66439938 116.96948158 93.17239938 2 P 0
L 116.46148158 93.68039938 116.96948158 93.17239938 2 P 0
L 117.70348316 94.8944 117.70348316 95.1484 2 P 0
L 117.70348316 94.8944 117.95748316 94.8944 2 P 0
L 117.70348316 95.1484 117.95748316 95.4024 2 P 0
L 117.70348316 95.6564 117.70348316 95.9104 2 P 0
L 117.70348316 95.6564 117.95748316 95.4024 2 P 0
L 117.70348316 95.9104 117.95748316 95.9104 2 P 0
L 117.95748316 94.8944 118.21148316 95.1484 2 P 0
L 117.95748316 95.9104 118.21148316 95.6564 2 P 0
L 118.21148316 95.1484 118.46548316 94.8944 2 P 0
L 118.21148316 95.6564 118.46548316 95.9104 2 P 0
L 118.46548316 94.8944 118.71948316 94.8944 2 P 0
L 118.46548316 95.4024 118.71948316 95.1484 2 P 0
L 118.46548316 95.4024 118.71948316 95.6564 2 P 0
L 118.46548316 95.9104 118.71948316 95.9104 2 P 0
L 118.71948316 94.8944 118.71948316 95.1484 2 P 0
L 118.71948316 95.6564 118.71948316 95.9104 2 P 0
L 119.10579938 126.619 119.10579938 126.873 2 P 0
L 119.10579938 126.619 119.35979938 126.619 2 P 0
L 119.10579938 126.873 119.35979938 127.127 2 P 0
L 119.10579938 127.381 119.10579938 127.635 2 P 0
L 119.10579938 127.381 119.35979938 127.127 2 P 0
L 119.10579938 127.635 119.35979938 127.635 2 P 0
L 119.35979938 126.619 119.61379938 126.873 2 P 0
L 119.35979938 127.635 119.61379938 127.381 2 P 0
L 119.61379938 126.873 119.86779938 126.619 2 P 0
L 119.61379938 127.381 119.86779938 127.635 2 P 0
L 119.86779938 126.619 120.12179938 126.619 2 P 0
L 119.86779938 127.127 120.12179938 126.873 2 P 0
L 119.86779938 127.127 120.12179938 127.381 2 P 0
L 119.86779938 127.635 120.12179938 127.635 2 P 0
L 120.12179938 126.619 120.12179938 126.873 2 P 0
L 120.12179938 127.381 120.12179938 127.635 2 P 0
L 122.6058 126.619 122.6058 126.873 2 P 0
L 122.6058 126.619 122.8598 126.619 2 P 0
L 122.6058 126.873 122.8598 127.127 2 P 0
L 122.6058 127.381 122.6058 127.635 2 P 0
L 122.6058 127.381 122.8598 127.127 2 P 0
L 122.6058 127.635 122.8598 127.635 2 P 0
L 122.8598 126.619 123.1138 126.873 2 P 0
L 122.8598 127.635 123.1138 127.381 2 P 0
L 123.1138 126.873 123.3678 126.619 2 P 0
L 123.1138 127.381 123.3678 127.635 2 P 0
L 123.3678 126.619 123.6218 126.619 2 P 0
L 123.3678 127.127 123.6218 126.873 2 P 0
L 123.3678 127.127 123.6218 127.381 2 P 0
L 123.3678 127.635 123.6218 127.635 2 P 0
L 123.6218 126.619 123.6218 126.873 2 P 0
L 123.6218 127.381 123.6218 127.635 2 P 0
L 124.27204 94.8944 124.27204 95.1484 2 P 0
L 124.27204 94.8944 124.52604 94.8944 2 P 0
L 124.27204 95.1484 124.52604 95.4024 2 P 0
L 124.27204 95.6564 124.27204 95.9104 2 P 0
L 124.27204 95.6564 124.52604 95.4024 2 P 0
L 124.27204 95.9104 124.52604 95.9104 2 P 0
L 124.35579904 129.35700062 124.86379904 128.84900062 2 P 0
L 124.35579904 129.35700062 124.86379904 129.86500062 2 P 0
L 124.52604 94.8944 124.78004 95.1484 2 P 0
L 124.52604 95.9104 124.78004 95.6564 2 P 0
L 124.78004 95.1484 125.03404 94.8944 2 P 0
L 124.78004 95.6564 125.03404 95.9104 2 P 0
L 124.86379904 128.84900062 125.37179904 129.35700062 2 P 0
L 124.86379904 129.86500062 125.37179904 129.35700062 2 P 0
L 125.03404 94.8944 125.28804 94.8944 2 P 0
L 125.03404 95.4024 125.28804 95.1484 2 P 0
L 125.03404 95.4024 125.28804 95.6564 2 P 0
L 125.03404 95.9104 125.28804 95.9104 2 P 0
L 125.28804 94.8944 125.28804 95.1484 2 P 0
L 125.28804 95.6564 125.28804 95.9104 2 P 0
L 126.02204158 93.17239938 126.53004158 92.66439938 2 P 0
L 126.02204158 93.17239938 126.53004158 93.68039938 2 P 0
L 126.10580062 126.619 126.10580062 126.873 2 P 0
L 126.10580062 126.619 126.35980062 126.619 2 P 0
L 126.10580062 126.873 126.35980062 127.127 2 P 0
L 126.10580062 127.381 126.10580062 127.635 2 P 0
L 126.10580062 127.381 126.35980062 127.127 2 P 0
L 126.10580062 127.635 126.35980062 127.635 2 P 0
L 126.35980062 126.619 126.61380062 126.873 2 P 0
L 126.35980062 127.635 126.61380062 127.381 2 P 0
L 126.53004158 92.66439938 127.03804158 93.17239938 2 P 0
L 126.53004158 93.68039938 127.03804158 93.17239938 2 P 0
L 126.61380062 126.873 126.86780062 126.619 2 P 0
L 126.61380062 127.381 126.86780062 127.635 2 P 0
L 126.86780062 126.619 127.12180062 126.619 2 P 0
L 126.86780062 127.127 127.12180062 126.873 2 P 0
L 126.86780062 127.127 127.12180062 127.381 2 P 0
L 126.86780062 127.635 127.12180062 127.635 2 P 0
L 127.12180062 126.619 127.12180062 126.873 2 P 0
L 127.12180062 127.381 127.12180062 127.635 2 P 0
L 127.77204316 94.8944 127.77204316 95.1484 2 P 0
L 127.77204316 94.8944 128.02604316 94.8944 2 P 0
L 127.77204316 95.1484 128.02604316 95.4024 2 P 0
L 127.77204316 95.6564 127.77204316 95.9104 2 P 0
L 127.77204316 95.6564 128.02604316 95.4024 2 P 0
L 127.77204316 95.9104 128.02604316 95.9104 2 P 0
L 128.02604316 94.8944 128.28004316 95.1484 2 P 0
L 128.02604316 95.9104 128.28004316 95.6564 2 P 0
L 128.28004316 95.1484 128.53404316 94.8944 2 P 0
L 128.28004316 95.6564 128.53404316 95.9104 2 P 0
L 128.53404316 94.8944 128.78804316 94.8944 2 P 0
L 128.53404316 95.4024 128.78804316 95.1484 2 P 0
L 128.53404316 95.4024 128.78804316 95.6564 2 P 0
L 128.53404316 95.9104 128.78804316 95.9104 2 P 0
L 128.78804316 94.8944 128.78804316 95.1484 2 P 0
L 128.78804316 95.6564 128.78804316 95.9104 2 P 0
L 130.0734 33.1724 130.0734 34.1884 2 P 0
L 130.0734 33.1724 131.0894 33.1724 2 P 0
L 130.0734 34.1884 131.0894 34.1884 2 P 0
L 130.0988 29.6672 130.0988 30.6832 2 P 0
L 130.0988 29.6672 131.1148 29.6672 2 P 0
L 130.0988 30.6832 131.1148 30.6832 2 P 0
L 131.0894 33.1724 131.0894 34.1884 2 P 0
L 131.1148 29.6672 131.1148 30.6832 2 P 0
L 134.3406 94.8944 134.3406 95.1484 2 P 0
L 134.3406 94.8944 134.5946 94.8944 2 P 0
L 134.3406 95.1484 134.5946 95.4024 2 P 0
L 134.3406 95.6564 134.3406 95.9104 2 P 0
L 134.3406 95.6564 134.5946 95.4024 2 P 0
L 134.3406 95.9104 134.5946 95.9104 2 P 0
L 134.5946 94.8944 134.8486 95.1484 2 P 0
L 134.5946 95.9104 134.8486 95.6564 2 P 0
L 134.8486 95.1484 135.1026 94.8944 2 P 0
L 134.8486 95.6564 135.1026 95.9104 2 P 0
L 135.1026 94.8944 135.3566 94.8944 2 P 0
L 135.1026 95.4024 135.3566 95.1484 2 P 0
L 135.1026 95.4024 135.3566 95.6564 2 P 0
L 135.1026 95.9104 135.3566 95.9104 2 P 0
L 135.3566 94.8944 135.3566 95.1484 2 P 0
L 135.3566 95.6564 135.3566 95.9104 2 P 0
L 136.09060158 93.17239938 136.59860158 92.66439938 2 P 0
L 136.09060158 93.17239938 136.59860158 93.68039938 2 P 0
L 136.59860158 92.66439938 137.10660158 93.17239938 2 P 0
L 136.59860158 93.68039938 137.10660158 93.17239938 2 P 0
L 137.84060316 94.8944 137.84060316 95.1484 2 P 0
L 137.84060316 94.8944 138.09460316 94.8944 2 P 0
L 137.84060316 95.1484 138.09460316 95.4024 2 P 0
L 137.84060316 95.6564 137.84060316 95.9104 2 P 0
L 137.84060316 95.6564 138.09460316 95.4024 2 P 0
L 137.84060316 95.9104 138.09460316 95.9104 2 P 0
L 138.09460316 94.8944 138.34860316 95.1484 2 P 0
L 138.09460316 95.9104 138.34860316 95.6564 2 P 0
L 138.34860316 95.1484 138.60260316 94.8944 2 P 0
L 138.34860316 95.6564 138.60260316 95.9104 2 P 0
L 138.60260316 94.8944 138.85660316 94.8944 2 P 0
L 138.60260316 95.4024 138.85660316 95.1484 2 P 0
L 138.60260316 95.4024 138.85660316 95.6564 2 P 0
L 138.60260316 95.9104 138.85660316 95.9104 2 P 0
L 138.85660316 94.8944 138.85660316 95.1484 2 P 0
L 138.85660316 95.6564 138.85660316 95.9104 2 P 0
